500.297565
564.877835
564.392110
572.595978
572.810200
555.904855
576.561693
562.367693
579.626635
492.208762
577.119606
565.773085
572.684078
574.676780
570.123553
561.612401
575.947102
571.289985
542.169459
557.419329
481.744181
512.575196
574.515274
564.420873
559.529984
563.045162
570.077741
560.499385
561.599947
505.748815
553.874713
570.137890
568.549882
576.017731
565.661851
578.136553
569.276045
546.372256
569.976237
514.992152
566.648340
569.690395
554.886396
576.771627
569.744240
474.106867
570.550959
579.187999
565.655944
572.081807
557.287508
566.030239
575.072245
576.781681
569.605510
564.779206
518.410470
564.177204
504.170430
520.732654
558.086841
575.989662
509.975333
563.215969
558.719384
482.381624
572.197332
570.747731
573.701514
506.812666
562.172590
572.146694
572.881648
578.757015
488.649182
561.575826
573.091647
573.100427
480.454239
558.510354
564.494826
574.786757
513.238102
570.991106
571.093518
561.084328
565.706416
563.115900
564.097442
550.978177
563.705961
571.334603
572.271899
560.792709
503.382842
566.299031
514.096021
540.188251
557.606287
571.518559
562.413409
556.767903
575.962116
546.693261
572.139300
551.795765
572.711981
575.111831
572.775434
544.621111
562.165348
556.339000
567.743941
573.848991
571.951792
573.894499
572.692472
565.440652
565.813353
572.872132
539.092483
564.719043
567.511489
572.589823
580.059061
576.292011
500.420184
564.173870
565.086324
571.237730
574.865690
547.289060
574.147456
570.340976
574.046790
556.408720
560.152128
577.405387
527.139291
550.497591
547.714902
566.094720
567.950513
568.077334
561.451083
569.402155
567.702082
574.297335
573.772270
573.866481
578.100775
558.371397
563.322503
550.982010
573.442082
537.347307
557.992822
572.966748
568.260952
567.977587
550.260940
570.442141
578.745829
538.844239
564.724376
561.112722
575.377197
556.891932
573.666828
554.723305
488.747786
572.815971
570.753161
565.603862
563.296119
560.206656
556.798112
567.986959
575.132948
574.418550
569.328813
566.901068
557.231097
554.224458
572.370978
567.901143
567.846738
557.086961
564.270849
564.977921
568.564765
565.346792
551.049098
565.121452
553.586388
557.092689
522.330109
573.523979
554.729965
567.328497
568.021435
574.274821
575.268556
528.172727
573.446387
563.383132
561.392489
572.762081
547.487104
575.866788
558.517034
572.836761
580.156420
575.490395
496.059448
570.518596
552.639510
544.893076
541.957284
579.950748
560.702593
575.032480
576.799842
554.913751
500.418374
571.221681
576.321416
579.542625
571.510488
558.568219
539.065509
576.282548
575.948197
560.889468
568.388477
572.769356
576.633144
566.210794
563.155522
575.023081
572.895105
524.421689
573.205239
564.000136
565.645946
532.792210
567.003824
572.657059
548.226042
573.163328
566.508110
566.232965
574.530968
568.598942
488.702171
571.663625
578.349811
564.642439
573.480903
540.007424
573.195379
567.642062
561.936945
574.625568
562.483594
576.786408
574.484169
570.552920
571.988812
571.870044
571.651737
569.130072
568.893058
577.643433
570.888608
579.356250
546.379328
545.756266
573.763041
570.583565
566.090154
575.061770
568.850182
568.107049
570.876441
570.592464
573.623194
576.157444
561.316205
574.067906
575.240804
546.796898
574.965137
561.801174
569.271775
553.993742
561.774403
570.327307
499.087114
570.120389
571.378051
555.125413
549.499162
568.424966
573.810532
553.350209
571.675262
567.507707
573.311155
571.006035
547.934074
556.900574
575.844052
566.262622
566.594227
567.566959
564.603986
546.244719
571.730378
556.793218
561.633018
521.880120
507.144040
533.395057
575.245978
558.798602
553.106496
569.808171
565.527942
575.840631
566.788234
571.797193
569.967944
550.057222
546.152491
576.043298
571.778926
568.120232
486.678941
563.655296
550.779449
511.968199
555.502626
576.113649
574.423708
560.787550
550.644013
573.712843
561.975316
562.456873
473.920048
580.570061
484.513965
566.059403
541.944860
571.345856
574.426908
576.360414
574.615139
571.714251
567.692097
568.272655
549.100671
574.967633
575.826939
565.497245
532.981155
484.175831
573.477619
564.512156
559.275747
567.235887
560.470407
572.567449
564.307066
573.529180
533.561735
553.252640
566.381684
565.383981
564.343063
579.564862
555.061597
571.171485
571.591809
576.425956
572.660500
567.499688
562.656516
539.787961
570.283198
570.556802
562.243631
571.908548
564.712189
566.837645
546.842668
558.155051
504.746140
567.483360
547.671713
572.864669
572.350281
553.894983
535.975386
575.091037
568.994564
552.874064
558.496943
566.393501
570.010284
565.907388
568.243364
564.427814
569.877206
545.315313
570.640458
571.501770
574.477027
555.101485
561.212281
568.599678
499.042279
575.812641
570.834760
572.109951
574.486486
570.062089
560.989797
574.610585
571.366095
564.469790
582.116485
570.263822
574.497042
569.966614
574.224450
569.298708
570.241711
555.259007
563.159144
552.911174
572.001775
531.480736
570.530648
558.685617
571.273307
566.630032
562.869064
568.527672
570.789826
561.722016
552.489699
570.577609
573.286589
558.409256
520.654498
566.412175
542.080099
559.390864
559.898088
550.784324
565.331698
551.198779
564.472022
571.845908
573.303373
566.570226
556.009985
551.847671
563.846818
571.173528
563.589890
556.428660
573.347645
561.007952
576.032887
570.699880
575.364422
564.194119
565.072840
571.838668
561.130974
570.672083
564.880775
565.203923
567.596037
532.234611
567.687545
576.021271
566.007225
566.674026
556.185061
505.759462
559.309305
564.855264
561.952304
575.974456
555.865846
448.487315
518.566645
557.659703
468.467581
570.295378
559.190150
532.914568
541.054540
531.512931
570.061886
563.678216
559.239541
566.893107
569.750221
540.042638
567.397503
568.772526
562.196557
571.065956
514.293848
572.738217
560.884592
565.296751
568.115066
568.891695
571.190184
507.482830
573.385742
572.968412
573.985256
553.484286
540.228283
563.338600
565.448043
560.177831
571.983548
566.322647
565.114907
574.797106
576.873757
572.793560
521.304932
569.797884
564.114279
572.419231
577.096835
519.306596
570.514708
555.028329
561.898436
576.234811
568.071455
567.468036
527.881599
565.500303
558.238220
567.789118
571.531415
562.830630
573.623843
567.563610
550.847894
571.371605
574.039803
565.429348
566.248710
565.165209
559.159557
573.663898
558.792890
571.881885
574.182619
551.118229
563.258540
561.851052
577.056070
570.375191
558.219074
553.455913
571.217715
553.458757
502.931301
564.958705
561.783177
574.800378
577.017017
573.996849
563.393321
553.228916
544.238791
575.879134
573.145188
574.135773
525.643169
573.321369
564.527084
573.974707
528.267941
575.788136
576.115960
574.569900
574.520329
573.667746
574.801461
570.748956
564.772293
577.244097
548.841145
575.479769
443.651292
576.793795
573.381774
579.986804
569.262600
572.565899
559.036821
571.685161
546.418459
562.646787
572.446330
574.896267
571.614404
568.847885
576.913909
557.033631
573.835059
569.119404
565.279764
571.435441
574.658899
551.083728
553.210098
573.591394
574.014889
560.730833
574.090790
489.500672
576.807104
571.733851
560.009746
569.927242
557.177956
509.554206
547.046236
573.522532
511.194244
566.897522
571.688967
578.616039
573.081045
561.903471
541.273398
568.078705
572.403683
534.739830
572.331178
578.677945
570.718277
568.351335
510.374220
509.672577
508.563325
573.675076
542.545895
562.173530
575.831538
576.028367
566.515270
562.347514
570.901235
558.293441
567.520011
571.116276
562.613960
554.668939
570.456703
562.556340
575.927664
564.061489
561.323999
577.895119
451.523738
510.148502
567.374163
529.975305
574.480131
565.475504
567.824560
573.750438
571.335351
567.950707
563.175931
570.934161
572.170271
572.469757
571.263178
574.514720
572.344048
568.540038
575.969473
569.625209
554.222329
569.488216
555.707706
537.666924
555.231656
563.058800
568.762029
569.800825
565.019484
526.973021
550.420860
567.043916
552.974215
560.133923
561.610578
572.512179
564.716725
569.572159
565.613173
566.982872
527.718515
574.101321
568.105303
558.916689
574.109397
558.141025
559.990852
558.836696
567.552461
578.404742
522.867835
547.312489
577.421378
574.093870
565.385870
573.728885
574.324505
579.545993
570.678694
487.999482
575.494653
537.318498
563.148556
560.794262
576.711729
577.370128
571.627917
560.785957
553.599837
569.473456
566.321088
577.892397
574.876604
558.730540
571.857251
565.735111
576.484915
563.199480
500.298998
548.416034
531.608589
572.940019
542.591891
561.376170
572.752590
559.221326
574.625624
572.767768
550.149459
565.364330
576.082236
573.494831
549.479393
565.767501
565.818783
562.859909
560.893060
563.525326
573.323528
561.444932
555.851101
572.660324
573.975717
553.776227
564.387534
565.056496
574.609806
575.852271
561.631437
560.116612
577.512413
545.394331
561.493664
580.528512
570.971108
563.257002
567.539387
572.634390
573.236414
572.269669
561.806792
563.692716
564.370453
575.854417
568.806341
563.707445
551.871785
551.490231
566.814823
561.324184
572.517112
569.148725
570.386549
551.151941
555.208138
519.125257
556.156516
561.227355
572.474238
539.353941
571.110591
558.905716
575.548575
568.779816
567.244061
551.487910
568.577827
538.042321
539.659132
569.359642
548.070601
566.817006
563.763999
489.589012
563.333293
546.982880
573.070492
562.027772
566.386263
557.431524
574.002088
573.335828
569.496967
578.336168
570.159514
565.018240
564.154362
570.600627
563.488171
565.064849
499.498225
571.418580
558.020576
566.897881
555.130790
529.634135
575.444801
550.301796
564.321246
568.927921
575.657862
528.956505
563.671720
569.782780
556.954026
573.937892
548.767295
565.927316
503.339881
571.290557
553.710544
521.710271
545.777677
571.782193
575.218983
571.895584
565.020444
573.651641
562.903461
553.803214
573.334361
567.124601
562.832483
552.868439
569.726951
568.960000
549.612628
560.882132
529.048236
569.180087
567.961006
564.467424
566.957221
569.058803
556.739502
560.415686
561.789268
540.052144
540.650345
572.343042
542.885142
554.658534
575.348747
569.027422
566.757978
563.988295
556.342275
548.347583
560.097679
562.777629
571.062451
562.874387
557.451568
561.030519
566.254278
576.006680
553.382051
561.553446
572.245585
561.723717
563.159174
572.534648
579.289963
577.143337
570.375036
569.770147
572.818570
529.399155
571.906028
576.989214
577.310392
570.924476
557.664456
567.552322
551.989816
564.131651
553.447215
537.765574
570.674587
572.383985
542.885949
565.502735
564.613416
569.104524
563.268880
573.338168
574.397097
580.625299
574.403605
571.134753
573.549071
577.111868
570.303693
558.597955
555.272847
552.112916
569.227666
567.554328
483.501060
569.982270
555.870762
555.793969
555.320878
557.050815
564.162791
571.728615
572.703328
574.950173
576.660787
568.294276
571.960780
565.430477
574.589106
572.999295
574.816658
578.595128
567.895287
573.955382
569.433505
477.712878
563.245004
571.613796
571.485764
571.886795
578.544470
553.905180
576.138740
571.776395
515.677568
473.803932
563.095852
560.705774
545.706082
564.461179
544.489752
539.031614
575.333298
571.536240
572.873272
521.770071
557.473592
441.457294
521.536834
572.913130
573.592053
572.577024
574.900729
562.367198
568.582627
573.263051
570.764543
550.523537
572.124846
574.460485
572.386166
567.950511
576.911806
576.914567
568.172581
569.194393
568.842979
508.943945
547.452639
559.229654
575.441311
560.148450
571.347803
573.898525
565.325669
544.244281
567.466436
573.309313
549.965210
562.505626
521.220261
541.695806
574.223080
567.889032
533.671409
577.721880
542.000750
557.507906
553.129247
572.546186
445.307507
575.354944
564.165111
545.990842
558.559801
571.035875
577.382719
554.831560
461.915625
569.002560
574.625164
568.987467
569.041202
573.980842
577.536732
564.208081
548.775501
501.022615
558.629358
531.526703
566.519358
564.993996
569.444673
569.255014
567.419902
574.214460
570.713370
568.858257
572.722170
560.385950
573.170915
573.553409
575.819708
559.617919
579.329756
566.902594
570.452105
555.640732
551.432452
565.358586
557.540569
567.238775
566.537145
573.295266
563.528669
571.165129
551.274912
576.856165
574.410012
564.305538
484.356574
545.634672
543.294596
566.221388
565.996900
542.283668
566.451190
512.483753
551.949072
573.164930
568.460069
578.003644
572.947193
552.462255
573.573621
565.314028
557.686585
495.836531
575.119352
543.369063
563.925246
570.150503
568.884100
512.590478
571.504196
568.233427
576.311115
568.451344
566.818290
566.938893
544.797026
572.577737
568.265576
495.735379
564.937867
576.087077
570.304184
573.579926
573.809122
529.636754
572.923132
556.451569
561.611833
568.359519
568.465368
575.849055
576.008159
571.088106
567.261226
563.724228
564.911693
578.954968
544.472835
575.525661
537.115204
571.574390
569.830021
503.753130
538.665748
567.810112
535.842957
567.800226
570.537870
571.578815
554.367459
571.501338
545.919611
552.597524
567.262094
568.546469
573.966389
574.528276
497.809377
569.056326
567.048821
563.109427
570.302467
574.762855
562.654629
567.180411
562.859349
564.583880
507.560707
555.556059
573.567742
573.277793
554.708035
561.091405
568.699236
571.496324
562.144285
565.238312
577.449170
569.955180
570.315185
571.334312
559.255357
575.822225
576.164285
577.570129
573.779007
564.251917
575.718072
564.743092
550.269363
577.162473
559.360809
579.200615
556.505484
550.715890
553.561980
568.472649
573.463343
568.565215
558.335317
535.393126
563.879409
573.168234
568.214236
555.778896
560.654186
565.799564
568.087128
571.973421
571.213364
563.948385
481.122358
546.964430
541.208108
546.070633
571.981312
553.587145
575.149804
556.265335
556.550752
567.220309
551.105243
569.384518
577.705619
572.090655
569.361360
560.405745
554.894083
565.910488
574.709165
550.795849
569.409825
568.000808
574.149333
549.699556
562.848451
554.855501
567.493369
566.101613
565.270604
561.878806
568.852299
572.029006
551.298681
576.633781
577.148575
564.359109
564.850108
528.430598
564.962358
570.083327
572.929390
568.052341
566.491319
552.939505
577.377605
571.131927
575.147601
563.430515
564.079027
544.436758
566.810366
542.935910
568.785331
553.166457
568.736664
560.600205
572.649048
572.875781
561.594549
567.363908
557.709021
569.175801
574.454472
573.451981
549.547317
572.148151
560.311681
578.724279
570.863951
575.898876
573.672647
577.390307
564.475330
566.757976
562.583665
569.260825
569.580049
577.676598
566.424307
547.723162
557.073285
552.047925
571.717628
562.378772
571.144251
556.929056
551.973273
572.340981
565.492953
519.353279
554.360610
569.762440
550.952232
493.132193
568.197411
569.270384
567.878527
566.999245
567.034329
571.176026
564.230478
564.137182
558.009322
572.580503
573.830399
564.016246
577.598648
572.594523
571.011898
568.436365
556.788563
575.013745
570.511089
560.879873
574.314336
574.095662
575.490436
559.546057
514.532729
545.324698
571.872000
531.922136
560.430659
477.798832
502.549140
572.594352
577.781414
525.210491
567.330796
551.015977
552.671407
567.832868
500.566248
519.178243
573.637472
568.788475
575.325645
572.966353
561.719350
573.315970
570.317225
574.586574
562.305669
563.991974
571.977453
568.030975
566.336240
572.900470
504.671564
575.219821
556.469619
576.668028
568.528502
557.974661
565.157506
503.842434
569.839377
567.441997
570.211295
565.745235
573.868504
570.574769
561.059577
573.649262
569.270667
572.460483
571.706799
565.917059
554.079918
563.918372
573.484189
553.146975
563.573922
554.829085
535.721061
574.080424
568.933237
575.004392
541.943457
568.544792
561.912086
571.992313
560.442658
553.145059
577.375933
569.309117
570.693359
572.125237
559.049703
554.733936
553.797313
570.201494
564.451875
572.288489
568.874274
567.676749
555.861985
575.896632
547.999524
569.691592
565.960540
569.036375
576.766536
566.146097
567.577047
563.049298
543.211240
545.094575
559.907825
499.476909
569.077087
562.549590
565.664153
564.922253
565.700994
570.150994
570.308234
557.197668
500.691083
563.560784
571.574945
570.671933
561.014368
568.353877
555.631522
561.692801
571.367614
569.192143
567.184610
567.309884
564.583313
563.724018
570.619151
569.294209
543.531941
578.578584
566.902288
570.038490
576.882998
555.910622
573.093708
571.940199
577.236706
563.935617
564.865771
577.526925
566.615145
573.184754
570.278375
577.334284
546.356327
535.054522
566.999939
541.568024
509.342532
562.364645
566.054037
574.096787
561.377415
567.744190
573.476914
570.293889
570.154486
578.466592
484.656347
564.103515
567.462043
565.570229
572.387224
566.120954
570.254746
569.358014
569.159836
559.380494
558.873127
562.163006
569.129103
577.298632
567.199593
566.593039
576.984504
576.036473
572.933214
565.663801
575.428914
571.359274
567.270301
554.507597
572.516484
571.553625
545.912445
570.270659
572.859100
572.420098
563.687080
576.565599
570.883013
566.492494
567.145742
568.989248
565.914827
569.603134
560.829645
558.245204
577.811333
554.183488
575.881770
557.605685
565.741180
571.789202
565.285675
550.062886
574.973040
550.739811
555.005908
574.759447
567.649036
559.075974
571.062618
572.536943
571.112940
571.531619
562.907314
546.628122
572.693209
569.920564
544.095015
573.499301
560.742257
570.345671
566.402395
560.024071
565.738521
577.164891
576.966562
517.918750
537.186225
564.337357
572.884687
539.350790
566.894213
564.030717
570.574887
568.647498
573.500049
575.220201
572.162135
519.183219
564.781429
568.880068
560.497929
568.690309
568.193820
574.193273
577.825540
557.214415
570.611159
572.493073
571.231343
549.038121
570.582949
556.796660
562.851052
566.866528
571.160377
557.569578
573.739935
569.694588
503.342043
563.592195
575.251845
572.414981
555.391704
570.793354
578.011548
571.702813
570.559807
571.362772
574.367801
564.536075
557.605836
565.231880
573.678453
566.744925
565.521214
571.598514
574.910018
565.702332
572.601293
551.755605
578.125039
571.624888
569.354839
499.435466
362.633804
557.180499
567.735779
575.789023
561.127064
444.412858
563.817887
508.597715
563.031885
573.736610
520.256780
573.323137
557.807898
570.004151
498.760549
562.522698
571.929395
571.314453
568.539394
566.052622
574.432922
528.686149
555.744108
568.592439
566.465078
553.309939
571.798653
574.673387
566.795480
566.667112
573.677319
572.062549
566.382336
567.796669
568.241609
567.153653
561.211605
569.960742
576.299379
573.449537
558.463553
568.846743
563.521429
570.123138
565.008675
569.456186
541.981335
516.628970
543.385516
572.660005
538.484494
571.129411
570.357582
573.466896
568.959463
573.983052
562.002315
568.768111
565.686934
570.651647
556.177058
575.033064
560.039774
541.048929
553.994559
566.079421
574.983114
535.837474
565.725917
575.822789
569.442564
555.710038
566.748340
550.801111
553.133910
566.103036
579.200458
569.570425
561.079256
546.187800
566.987931
566.649052
546.885490
570.726717
549.507876
553.758031
575.699877
575.078902
574.058246
561.175967
563.649044
565.874507
561.114983
562.796847
574.126941
554.597746
576.547506
554.113387
568.739121
568.738763
579.166027
565.070009
571.642751
543.044126
572.229848
546.624882
565.797902
559.108773
570.605328
561.597932
570.769942
561.855141
560.867015
571.552098
566.085174
548.709901
561.010027
565.193842
552.827390
567.354478
558.594946
570.380578
574.807370
568.492408
572.311151
552.513919
578.421429
464.654901
569.066737
566.679507
568.368814
569.620571
501.243180
560.114384
566.447474
573.809950
562.967365
565.725352
537.182169
533.872934
550.164788
563.844141
578.545652
570.630599
572.493794
555.796599
560.797282
570.270405
559.089398
492.079785
568.191238
569.067053
547.507151
574.835400
553.923930
571.684884
577.209803
571.655668
576.052687
568.403360
573.966619
565.963396
561.801117
573.470643
569.097069
554.799409
572.969123
525.812369
567.455078
578.432665
552.900325
577.090514
573.691367
566.099811
572.353125
573.236555
559.208696
576.550792
568.727499
569.982886
572.396444
570.854484
566.270423
578.565603
544.773385
545.603009
