3268958
3323297
3233025
3181501
2887678
2658778
2167116
1745860
1199649
686920
277235
-160061
-215378
-373046
-840271
-1224550
-1819827
-2358567
-2654072
-3014752
-3146818
-3340142
-3355450
-3418458
-3265750
-3170843
-3097290
-3018015
-3103019
-3144006
-3025115
-2949064
-2663523
-2434115
-2158253
-1894839
-1673568
-1441005
-1301175
-1136499
-1036743
-919592
-805527
-690635
-635587
-564502
-543284
-508703
-451058
-399593
-289394
-194933
-72751
42002
0
0
0
0
0
0
0
0
0
0
-11262
-19506
-36641
-51392
-25677
-10805
-5150
2973
0
0
0
0
0
0
0
0
0
0
0
0
0
0
0
0
0
0
0
0
0
0
4042
7001
14055
20012
42399
60384
97097
128792
148669
171712
150720
141527
111755
87496
88416
82590
68384
56424
53329
47859
58716
65197
58798
55852
61773
65319
74679
82482
69287
61720
100561
126967
127233
134501
130223
129040
132051
133938
136884
139545
190568
228632
252573
280299
276905
281850
282861
284926
277602
272792
249352
230904
252702
263716
295544
321795
331761
346090
342726
344102
330063
320155
333362
340375
360500
377113
380783
387920
389068
391821
404211
414019
425468
436478
435298
437384
459227
475775
484381
495114
503905
513216
544189
569358
555846
552700
568952
580006
604758
625840
655926
683598
718983
752301
775138
800782
801134
808261
796162
789214
808325
820453
840798
858942
884352
907815
923291
940907
950785
962737
972911
983562
1010194
1032544
1052665
1073384
1087545
1103463
1113373
1124893
1154796
1179773
1192101
1207820
1207950
1212256
1229315
1242958
1283583
1316979
1380243
1435503
1435699
1450650
1432987
1424062
1423904
1421397
1454541
1478132
1513904
1546413
1559064
1577036
1608145
1635734
1661503
1687759
1701062
1717836
1743499
1766780
1787065
1808152
1818308
1831393
1823594
1821391
1834926
1844244
1866584
1885436
1894697
1906527
1922315
1937043
1964704
1988899
1992767
2002082
1997895
1997327
1980139
1967404
1957840
1947426
1969524
1982910
2005709
2025986
1994497
1976879
1944062
1915317
1899288
1879852
1861704
1843212
1812971
1785879
1760784
1735154
1699557
1666630
1621181
1579086
1531070
1484641
1448989
1410449
1352205
1299242
1227354
1160536
1102983
1042948
979172
916399
854836
792948
766608
730743
662518
602965
544739
486157
432236
377066
302407
232969
172824
110188
73612
30053
14580
-8417
0
0
0
0
0
0
-17574
-30440
-91796
-140160
-180897
-223678
-246576
-274803
-308193
-340199
-357066
-377989
-389513
-403556
-443218
-476016
-512508
-548009
-530897
-527881
-553698
-571790
-617186
-655266
-632470
-625986
-613828
-603190
-602647
-599399
-635078
-660327
-671527
-686492
-684599
-687224
-680726
-676672
-666463
-657903
-677377
-689341
-725379
-754966
-732392
-723795
-688011
-659513
-674546
-677916
-709703
-733875
-753407
-774181
-754468
-745602
-739016
-731819
-687279
-652745
-644242
-628764
-661207
-680809
-687127
-697005
-697243
-700064
-692253
-687291
-673126
-661426
-661193
-657888
-657548
-656414
-649554
-644227
-655298
-661974
-665822
-670428
-692355
-709642
-706194
-708302
-673749
-649020
-625529
-601706
-613491
-615734
-631255
-643217
-650369
-658810
-661884
-666395
-638843
-619884
-613213
-603249
-587004
-572442
-576737
-575979
-567279
-560708
-563419
-563644
-566850
-569258
-577720
-584561
-602215
-616971
-601206
-593618
-574069
-557724
-559597
-556589
-522492
-496727
-505987
-505862
-514007
-519936
-530179
-539266
-510150
-491270
-480353
-467304
-467685
-464469
-487978
-504327
-479485
-465679
-467608
-465320
-495536
-517043
-502503
-497622
-487638
-479022
-493647
-502045
-491450
-485945
-476814
-468655
-480693
-487320
-491904
-497037
-482158
-472641
-462731
-452926
-458266
-459549
-454377
-450933
-449975
-448352
-452832
-455678
-477221
-493754
-500160
-509280
-511138
-514942
-514831
-515770
-513597
-512258
-492940
-478440
-488840
-492568
-512319
-527777
-563236
-593335
-563042
-548931
-509599
-477025
-484070
-480499
-486516
-489963
-473791
-462877
-486553
-500961
-502290
-507124
-494507
-486566
-488762
-488241
-484181
-481068
-487672
-491672
-501830
-510337
-517698
-525366
-498805
-481415
-472615
-461512
-495609
-517593
-547026
-574463
-563298
-562476
-526566
-500058
-464190
-430831
-433233
-426054
-428521
-428404
-406741
-390851
-348706
-313594
-270355
-229294
-217736
-198274
-182354
-165486
-117885
-78518
-55020
-27271
-11864
6850
0
0
0
0
0
0
0
0
0
0
0
0
0
0
0
0
0
0
0
0
0
0
98596
170774
201587
243485
228798
229272
217787
209507
217704
221485
215898
212822
188276
169481
144789
121677
88835
58599
22083
-12749
0
0
-5544
-9603
-20711
-29931
-47394
-62648
-94564
-122017
-150756
-179151
-201622
-225679
-247416
-269775
-279914
-293328
-282185
-277622
-329642
-366502
-404738
-442606
-437752
-444345
-433034
-426520
-401791
-381943
-369348
-354809
-327771
-304080
-293369
-279181
-274213
-266774
-249788
-235361
-230965
-223881
-221468
-217803
-245341
-264517
-291732
-316793
-324568
-336974
-332819
-333101
-343267
-350784
-336282
-327681
-318634
-309708
-304405
-298132
-290099
-282537
-283582
-282320
-285449
-287401
-290520
-293327
-294450
-296025
-295284
-295163
-300261
-303962
-317521
-328438
-340087
-351540
-310833
-284103
-262828
-240092
-232531
-220904
-233486
-239582
-209875
-189761
-190792
-186157
-212839
-231131
-233285
-239763
-234655
-232652
-211123
-194826
-212325
-220769
-234667
-247104
-279769
-307013
-292846
-289775
-273179
-260207
-249005
-237328
-219414
-203172
-180012
-158705
-114890
-77107
-28825
16642
50171
86898
286455
442382
644058
833476
994154
1162533
1373015
1572217
1885235
2167756
2529430
2869895
3052260
3276987
