2
3
4
5
6
7
8
9
10
12
13
14
15
16
17
18
20
21
22
23
24
25
27
28
29
31
32
33
34
36
37
39
40
41
42
43
44
45
46
47
48
49
50
51
54
55
56
57
61
62
63
64
65
66
67
68
69
70
71
75
78
79
81
83
84
85
86
89
90
92
93
97
98
99
100
101
102
103
104
105
106
108
109
111
112
114
115
116
117
118
119
121
122
123
124
125
127
128
130
131
132
133
134
135
136
138
139
140
141
142
143
144
146
147
148
149
150
152
153
154
155
158
161
162
164
165
166
167
168
170
171
173
174
177
179
182
183
184
185
186
188
189
190
191
192
193
194
195
196
199
200
201
202
203
204
206
207
209
210
211
212
213
214
216
217
218
220
221
222
223
225
227
228
230
231
233
235
236
239
240
242
243
244
245
247
248
249
250
251
252
253
255
258
259
264
265
266
267
268
269
271
272
273
274
275
276
278
279
280
282
283
284
285
286
290
292
293
294
296
297
298
299
300
302
303
304
305
306
307
308
310
312
313
314
315
316
318
319
321
322
323
324
325
326
327
328
329
330
334
335
337
338
340
341
342
343
344
345
347
348
349
350
351
353
354
355
356
357
358
359
363
364
365
366
367
368
370
371
372
373
374
377
378
379
380
381
382
383
384
385
386
387
388
389
390
392
394
396
398
399
400
401
402
403
404
405
407
409
410
411
412
413
414
415
416
417
419
420
421
422
423
424
426
427
428
430
431
432
433
434
436
437
438
439
440
441
442
444
445
446
447
448
450
451
452
457
459
460
461
463
464
467
468
470
471
472
473
474
475
476
477
479
480
481
482
483
484
485
486
487
489
490
492
493
495
496
497
498
499
500
501
502
503
504
505
506
507
508
509
510
511
512
513
515
517
518
520
521
524
525
526
527
528
529
530
531
532
534
535
537
538
539
541
542
543
544
545
546
547
548
549
551
552
554
555
556
558
559
561
562
563
564
566
567
569
571
572
573
574
575
577
578
579
581
582
584
585
586
587
588
589
590
591
592
593
594
595
596
597
598
601
602
603
604
605
607
608
611
612
613
614
616
617
618
619
620
621
623
624
625
626
627
628
630
631
632
633
634
635
636
638
639
640
641
642
644
645
648
650
651
652
653
655
656
657
658
659
660
661
662
663
664
665
666
667
668
669
670
671
672
673
674
675
676
677
678
679
680
682
684
685
687
688
689
690
691
693
694
697
698
699
700
702
703
704
705
706
708
709
710
711
712
713
714
715
716
717
718
719
720
721
722
723
724
727
728
730
733
734
735
736
737
739
740
741
742
743
744
745
746
747
748
749
752
753
754
755
756
757
758
759
760
761
762
763
767
768
769
770
771
772
773
774
775
776
778
779
780
781
782
783
784
786
787
788
789
790
792
795
796
797
798
799
800
801
802
803
805
806
807
808
809
810
812
813
817
818
820
822
823
824
825
826
827
830
831
832
833
835
836
837
838
839
840
841
842
843
845
846
847
848
849
850
851
852
853
854
855
856
858
859
860
861
862
863
864
865
867
868
869
870
871
874
875
876
877
878
879
880
881
883
884
885
886
887
889
890
891
892
893
894
895
896
897
898
899
900
901
902
903
904
906
908
909
910
911
912
913
914
915
916
917
919
920
922
923
924
925
929
930
931
932
934
935
936
937
938
939
943
944
946
947
948
950
952
954
955
956
957
958
961
962
963
964
965
966
967
968
969
971
972
973
974
975
976
977
978
980
981
983
985
987
988
990
991
992
994
995
996
997
1001
1004
1005
1006
1007
1008
1009
1010
1011
1012
1014
1015
1016
1020
1021
1022
1024
1026
1027
1028
1029
1030
1031
1032
1033
1034
1035
1036
1037
1038
1039
1041
1042
1043
1044
1045
1047
1049
1051
1052
1053
1054
1055
1056
1058
1060
1061
1062
1063
1064
1065
1066
1067
1068
1069
1071
1072
1073
1074
1075
1076
1077
1078
1079
1080
1082
1083
1085
1086
1087
1088
1089
1090
1091
1092
1094
1096
1097
1098
1099
1100
1102
1103
1104
1105
1106
1108
1109
1111
1112
1113
1114
1117
1118
1120
1121
1122
1123
1124
1125
1127
1130
1131
1133
1134
1135
1136
1138
1139
1141
1142
1143
1144
1145
1146
1148
1149
1150
1151
1152
1153
1155
1156
1157
1158
1159
1160
1161
1162
1163
1164
1165
1166
1167
1168
1170
1172
1174
1175
1176
1177
1179
1180
1181
1182
1184
1185
1187
1189
1190
1191
1192
1193
1194
1195
1196
1197
1198
1199
1201
1203
1204
1205
1206
1207
1208
1209
1211
1213
1215
1216
1217
1219
1220
1221
1222
1223
1224
1225
1226
1227
1228
1229
1230
1231
1233
1234
1236
1237
1238
1239
1240
1242
1243
1245
1246
1247
1249
1251
1254
1255
1256
1257
1258
1259
1260
1262
1263
1264
1265
1266
1267
1268
1269
1270
1271
1272
1273
1276
1277
1278
1280
1281
1283
1284
1285
1286
1287
1288
1289
1290
1291
1292
1293
1294
1295
1296
1297
1298
1300
1301
1303
1304
1305
1306
1307
1308
1309
1310
1312
1314
1315
1316
1317
1318
1319
1320
1321
1322
1323
1324
1325
1328
1329
1331
1332
1333
1334
1337
1338
1339
1340
1341
1344
1345
1346
1347
1348
1349
1350
1351
1352
1353
1354
1355
1356
1357
1359
1360
1361
1362
1363
1364
1365
1367
1369
1370
1371
1372
1373
1374
1376
1377
1378
1381
1382
1384
1388
1389
1390
1391
1392
1393
1394
1395
1396
1397
1398
1399
1402
1403
1406
1408
1410
1412
1413
1414
1415
1417
1418
1421
1422
1423
1424
1425
1426
1427
1428
1429
1430
1431
1432
1433
1434
1437
1438
1439
1441
1442
1443
1446
1448
1449
1451
1453
1454
1456
1458
1459
1462
1464
1465
1467
1468
1469
1470
1472
1473
1474
1475
1476
1477
1478
1480
1481
1482
1483
1484
1486
1488
1490
1491
1492
1493
1494
1495
1496
1497
1499
1501
1502
1503
1504
1505
1506
1507
1508
1509
1510
1511
1512
1513
1515
1517
1518
1519
1522
1523
1524
1525
1526
1527
1528
1529
1530
1532
1533
1534
1535
1536
1537
1538
1541
1543
1544
1545
1550
1551
1552
1554
1555
1556
1557
1558
1559
1560
1561
1562
1563
1564
1565
1566
1567
1571
1572
1573
1574
1576
1577
1578
1579
1580
1583
1585
1586
1587
1588
1589
1591
1592
1593
1594
1595
1596
1597
1598
1599
1600
1601
1602
1603
1604
1605
1606
1607
1608
1609
1610
1611
1612
1613
1614
1615
1616
1617
1619
1620
1621
1622
1624
1625
1626
1627
1628
1630
1631
1632
1633
1634
1635
1636
1638
1639
1640
1641
1642
1643
1644
1647
1648
1649
1650
1651
1653
1654
1656
1657
1658
1660
1661
1662
1664
1665
1667
1668
1669
1670
1671
1672
1674
1675
1676
1677
1678
1679
1680
1681
1682
1683
1684
1685
1686
1687
1688
1689
1690
1692
1693
1694
1695
1696
1697
1698
1699
1700
1701
1702
1705
1706
1707
1708
1709
1712
1713
1715
1716
1717
1718
1719
1720
1721
1722
1723
1724
1725
1726
1727
1729
1730
1731
1732
1733
1734
1735
1736
1737
1738
1739
1740
1741
1742

