18
21
23
24
29
33
36
42
43
49
50
51
54
56
58
67
93
98
99
104
112
114
119
123
133
148
151
177
179
188
196
197
216
217
219
230
236
237
241
242
253
261
273
275
276
277
281
285
291
300
306
314
319
324
326
329
331
334
337
338
348
357
360
364
368
370
376
377
381
390
391
393
394
398
400
402
408
411
412
419
421
422
423
425
437
441
442
446
447
453
460
462
463
466
468
471
476
483
486
488
490
491
494
496
502
505
509
514
516
518
523
534
539
543
550
559
574
581
586
593
594
597
603
607
610
613
614
615
617
618
620
621
626
627
630
642
649
652
653
655
656
659
661
663
671
679
685
696
697
698
699
704
705
708
718
720
721
728
733
734
737
744
748
754
756
757
764
767
770
775
777
779
781
783
788
790
794
799
802
807
813
818
826
832
834
835
836
842
851
856
862
868
869
871
887
888
892
894
898
900
902
909
915
927
933
938
941
947
950
958
973
981
984
988
989
998
1002
1003
1004
1006
1011
1012
1014
1017
1021
1025
1028
1030
1049
1053
1057
1058
1064
1065
1066
1072
1075
1078
1081
1098
1100
1103
1110
1113
1121
1123
1124
1130
1135
1137
1138
1152
1162
1167
1168
1173
1174
1176
1177
1178
1180
1185
1187
1190
1193
1203
1206
1210
1211
1214
1227
1232
1235
1239
1249
1251
1254
1260
1273
1278
1286
1287
1288
1294
1299
1301
1312
1318
1319
1322
1326
1335
1338
1343
1347
1353
1358
1371
1386
1388
1389
1394
1401
1403
1405
1407
1410
1411
1417
1420
1423
1424
1431
1439
1444
1453
1469
1470
1476
1478
1484
1489
1490
1500
1505
1506
1515
1526
1531
1532
1537
1539
1541
1552
1554
1558
1563
1566
1575
1577
1582
1583
1584
1590
1592
1594
1595
1599
1603
1604
1606
1610
1611
1612
1614
1615
1636
1639
1641
1646
1647
1648
1649
1658
1660
1661
1668
1674
1678
1682
1701
1702
1711
1713
1714
1715
1717
1718
1720
1727
1729
1739
1740
1741
1745
1749
1752
1753
1762
1770
1780
1784
1786
1788
1790
1793
1794
1797
1801
1805
1812
1816
1819
1828
1835
1840
1842
1845
1851
1854
1855
1859
1863
1879
1882
1883
1886
1887
1888
1891
1892
1893
1897
1900
1903
1906
1911
1913
1914
1917
1920
1923
1927
1929
1932
1934
1938
1941
1943
1944
1945
1948
1949
1950
1951
1953
1956
1963
1964
1966
1967
1981
1983
1985
1989
1990
1996
1999
2001
2004
2008
2011
2017
2018
2024
2026
2029
2031
2045
2046
2049
2050
2051
2055
2057
2062
2066
2067
2072
2074
2076
2089
2091
2102
2113
2115
2122
2133
2141
2145
2154
2156
2158
2164
2168
2169
2172
2175
2178
2190
2191
2196
2202
2204
2207
2210
2213
2215
2219
2222
2244
2245
2246
2247
2249
2252
2253
2258
2260
2261
2266
2278
2285
2287
2289
2293
2296
2306
2307
2309
