1
2
3
5
7
10
12
13
14
18
23
24
29
30
32
33
38
39
40
44
46
47
48
49
51
54
57
60
61
63
67
68
73
79
84
85
86
87
88
89
90
91
92
95
96
97
98
101
103
104
105
112
113
118
123
128
130
131
132
135
138
144
145
148
153
154
159
164
166
167
168
169
171
175
176
182
187
190
193
195
199
205
206
212
215
219
221
223
225
226
227
228
229
230
236
237
240
241
244
245
247
248
250
260
263
264
266
267
270
273
277
279
281
286
288
289
292
293
298
300
301
302
304
309
311
312
314
324
325
330
332
333
336
337
338
344
346
347
358
361
362
363
364
365
366
372
377
379
381
383
384
386
388
390
391
395
396
398
403
410
412
414
424
425
430
436
438
439
440
442
443
445
447
448
449
450
451
452
454
455
457
458
459
461
465
470
471
473
475
478
480
486
487
489
490
493
494
499
500
501
509
510
511
514
515
518
520
523
526
528
530
535
536
539
541
542
543
544
545
546
557
558
561
564
566
567
568
569
570
572
575
579
580
581
584
587
589
590
591
592
600
602
607
610
611
613
614
616
629
632
635
636
638
644
645
646
647
648
654
656
657
658
672
674
678
679
682
684
689
690
693
694
698
705
707
709
710
712
713
716
722
723
725
730
731
733
734
740
744
745
747
749
750
751
755
761
765
768
774
776
779
780
782
785
788
790
792
797
801
804
805
808
809
812
813
816
819
820
822
826
828
832
834
835
842
846
848
849
851
853
854
856
858
859
861
868
869
871
874
875
878
881
882
889
891
894
895
899
900
902
903
905
908
915
917
918
921
922
927
928
929
930
933
936
942
951
953
959
960
961
962
966
968
970
972
974
975
976
977
980
983
984
986
987
989
991
992
993
995
997
999
1002
1003
1004
1005
1006
1011
1012
1016
1018
1023
1025
1031
1034
1035
1036
1038
1040
1043
1045
1046
1049
1050
1051
1053
1054
1056
1057
1058
1059
1060
1064
1070
1073
1077
1079
1083
1084
1088
1091
1094
1098
1100
1103
1105
1109
1111
1112
1114
1115
1118
1121
1132
1134
1136
1138
1143
1144
1147
1148
1149
1153
1155
1156
1159
1161
1164
1171
1177
1179
1182
1184
1187
1189
1192
1193
1195
1196
1199
1200
1202
1203
1204
1207
1209
1211
1213
1216
1217
1218
1219
1223
1224
1226
1229
1230
1231
1232
1233
1235
1237
1240
1241
1252
1255
1257
1262
1265
1267
1269
1271
1274
1275
1280
1282
1284
1290
1291
1294
1295
1296
1300
1304
1306
1308
1310
1312
1313
1316
1317
1319
1320
1321
1324
1327
1330
1332
1335
1340
1346
