2
3
6
7
8
10
11
12
13
14
15
17
20
21
22
25
28
30
31
32
34
35
38
39
41
42
44
50
51
52
53
54
57
58
59
60
62
64
67
68
69
70
72
73
74
77
78
80
83
85
86
87
88
90
91
93
94
95
97
98
99
100
102
105
107
108
109
113
115
121
122
123
124
125
126
127
128
130
131
134
135
136
140
141
144
145
146
149
150
153
154
155
156
157
158
159
162
165
167
168
172
173
174
175
176
177
179
180
181
182
184
185
186
187
188
191
192
193
194
195
196
199
200
201
202
203
205
207
209
210
211
212
214
217
218
219
220
221
227
228
229
230
232
233
234
235
236
237
239
240
241
243
244
246
247
249
250
251
255
257
258
259
260
262
264
265
266
267
268
269
270
271
272
274
275
277
279
281
283
285
286
287
288
289
292
293
295
296
297
298
300
303
305
308
311
312
313
315
316
317
318
319
320
321
322
323
324
326
327
328
330
331
332
333
334
335
336
337
338
339
340
341
344
346
347
350
351
356
357
358
359
360
361
362
365
367
368
369
370
371
372
373
374
375
380
383
384
386
388
389
390
391
392
393
396
397
398
399
400
401
402
403
404
405
408
410
412
413
414
416
418
419
420
422
423
424
425
426
427
428
430
431
432
433
434
435
436
437
438
439
440
442
445
446
447
448
449
456
457
459
460
462
463
465
466
467
468
469
471
474
476
477
478
479
480
481
482
484
486
487
488
490
493
494
496
497
500
501
502
504
505
507
508
509
511
512
513
514
515
516
519
520
521
522
523
524
525
527
528
529
531
532
533
534
535
537
539
543
544
546
549
550
553
554
556
557
558
559
560
561
562
563
564
565
566
568
570
571
572
573
574
575
576
577
579
580
582
583
584
585
587
591
592
594
596
598
599
600
602
604
605
606
610
611
612
613
614
615
616
617
619
621
622
623
625
627
628
631
632
633
634
635
636
637
638
639
641
642
643
648
650
651
652
653
654
655
657
658
660
661
662
663
664
666
668
669
670
671
672
673
674
676
677
678
681
682
683
685
688
689
690
691
692
693
694
695
696
699
702
705
706
707
708
709
710
712
713
714
715
717
718
720
721
722
723
724
725
726
727
729
730
731
733
734
735
736
737
738
739
740
742
744
746
748
749
750
752
753
754
755
757
759
764
765
766
767
773
774
777
779
781
782
783
784
786
787
789
791
796
797
799
800
801
802
803
804
805
806
808
809
810
811
812
814
815
816
817
818
819
820
821
823
825
826
827
828
829
831
832
834
835
836
839
840
841
842
843
846
847
848
850
851
852
853
854
856
857
859
860
863
864
866
868
869
870
871
873
874
875
876
878
880
881
882
888
889
890
891
894
897
898
899
900
901
903
904
905
906
908
909
910
912
913
914
915
916
917
918
919
920
925
926
927
928
930
931
933
935
936
937
938
939
940
943
944
945
946
947
948
953
954
957
958
959
960
966
967
968
970
971
972
975
976
977
983
986
987
988
989
990
991
992
993
995
997
998
999
1002
1003
1004
1005
1006
1007
1008
1011
1013
1014
1015
1019
1020
1022
1023
1024
1027
1033
1034
1036
1037
1038
1040
1041
1043
1044
1045
1046
1047
1049
1052
1053
1055
1056
1057
1059
1061
1063
1064
1066
1067
1068
1069
1070
1071
1072
1073
1074
1076
1077
1078
1081
1086
1090
1091
1092
1094
1095
1096
1097
1099
1100
1101
1102
1103
1104
1105
1106
1107
1109
1111
1113
1114
1115
1116
1117
1118
1119
1121
1123
1125
1126
1127
1128
1130
1131
1132
1134
1136
1137
1139
1141
1143
1146
1147
1149
1152
1153
1154
1155
1157
1159
1160
1162
1164
1165
1166
1167
1170
1172
1174
1176
1177
1178
1179
1180
1183
1186
1187
1188
1189
1190
1191
1194
1197
1199
1201
1205
1206
1207
1208
1209
1210
1211
1212
1217
1218
1219
1220
1221
1223
1226
1230
1232
1233
1234
1235
1239
1240
1241
1242
1243
1245
1246
1250
1251
1252
1253
1255
1256
1257
1259
1260
1263
1266
1267
1269
1271
1272
1273
1275
1276
1277
1278
1279
1280
1282
1284
1289
1293
1294
1296
1297
1298
1300
1302
1303
1306
1307
1310
1315
1317
1318
1319
1320
1321
1323
1324
1325
1328
1329
1330
1331
1333
1336
1337
1341
1342
1344
1345
1346
1347
1348
1350
1352
1353
1355
1359
1360
1362
1363
1364
1365
1366
1368
1369
1370
1372
1373
1374
1375
1376
1378
1379
1381
1382
1383
1384
1386
1387
1390
1392
1393
1394
1395
1396
1401
1402
1403
1405
1406
1408
1409
1411
1412
1413
1414
1415
1418
1421
1422
1423
1426
1427
1428
1430
1432
1435
1436
1437
1439
1440
1441
1443
1444
1446
1447
1451
1454
1457
1458
1459
1462
1463
1464
1465
1466
1467
1468
1469
1472
1473
1475
1476
1477
1478
1479
1482
1483
1485
1486
1487
1488
1489
1491
1492
1494
1496
1497
1498
1499
1500
1501
1502
1503
1505
1506
1507
1509
1511
1512
1513
1514
1515
1516
1517
1519
1520
1521
1523
1524
1526
1527
1528
1529
1530
1531
1532
1533
1535
1536
1537
1538
1539
1542
1543
1545
1548
1549
1550
1551
1552
1556
1557
1558
1559
1560
1561
1562
1563
1564
1565
1569
1572
1574
1575
1576
1578
1579
1581
1582
1584
1586
1587
1591
1595
1596
1597
1598
1602
1603
1604
1605
1608
1609
1613
1614
1615
1616
1617
1620
1621
1622
1624
1627
1628
1629
1630
1632
1633
1634
1635
1636
1637
1638
1639
1642
1643
1644
1647
1653
1654
1655
1656
1658
1661
1662
1664
1665
1667
1668
1669
1670
1673
1675
1676
1677
1679
1680
1681
1685
1687
1688
1690
1691
1693
1694
1697
1699
1701
1703
1707
1708
1711
1712
1713
1714
1715
1717
1718
1719
1720
1724
1725
1726
1727
1729
1730
1731
1732
1733
1734
1737
1738
1741
1744
1747
1748
1749
1750
1751
1752
1753
1754
1755
1756
1757
1758
1761
1763
1764
1765
1768
1770
1771
1772
1775
1776
1779
1781
1783
1784
1785
1787
1788
1790
1791
1793
1796
1797
1798
1801
1803
1804
1806
1808
1809
1811
1812
1813
1815
1816
1817
1819
1824
1825
1826
1828
1829
1832
1834
1835
1836
1837
1838
1839
1840
1841
1842
1843
1845
1846
1849
1850
1852
1853
1854
1855
1856
1857
1862
1863
1864
1865
1870
1871
1872
1873
1874
1875
1876
1877
1878
1880
1881
1882
1883
1884
1885
1887
1889
1890
1891
1892
1893
1894
1895
1896
1898
1901
1903
1904
1905
1906
1907
1911
1912
1913
1914
1915
1918
1920
1922
1923
1924
1925
1926
1927
1930
1932
1934
1935
1936
1937
1938
1940
1944
1945
1948
1949
1952
1953
1954
1960
1961
1962
1963
1964
1967
1968
1969
1970
1971
1974
1977
1978
1979
1980
1982
1984
1985
1986
1988
1989
1991
1993
1995
1996
1997
1998
1999
2000
2001
2002
2003
2004
2005
2006
2007
2009
2010
2013
2014
2016
2017
2018
2019
2020
2023
2024
2026
2028
2030
2031
2032
2033
2034
2035
2037
2038
2039
2040
2042
2043
2045
2046
2048
2050
2051
2053
2056
2057
2058
2059
2061
2062
2063
2066
2067
2069
2071
2072
2073
2075
2076
2077
2080
2081
2082
2083
2084
2085
2090
2091
2092
2093
2095
2096
2097
2098
2099
2100
2101
2103
2104
2105
2107
2108
2109
2111
2117
2124
2125
2126
2131
2135
2136
2138
2139
2140
2141
2142
2143
2147
2148
2150
2152
2154
2155
2156
2157
2158
2162
2165
2167
2169
2170
2171
2172
2175
2176
2177
2178
2179
2180
2183
2185
2186
2187
2190
2191
2195
2197
2199
2203
2204
2207
2208
2209
2210
2212
2213
2214
2216
2217
2219
2222
2224
2226
2229
2231
2232
2233
2234
2235
2236
2238
2239
2241
2243
2244
2248
2250
2253
2257
2258
2260
2263
2264
2265
2266
2267
2269
2270
2271
2272
2274
2275
2276
2278
2279
2281
2283
2284
2287
2289
2290
2291
2292
2293
2294
2295
2296
2297
2298
2301
2304
2305
2309
2311
2312
2313
2315
2317
2318
2319
2321
2323
2324
2325
2326
2328
2329
2331
2332
2333
2336
2337
2338
2339
2340
2341
2342
2343
2344
2345
2346
2348
2349
2350
2351
2352
2354
2357
2361
2362
2364
2365
2366
2367
2368
2370
2373
2374
2375
2378
2379
2380
2381
2382
2383
2384
2385
2388
2389
2390
2391
2392
2394
2396
2397
2398
2402
2404
2406
2408
2410
2411
2412
2413
2414
2415
2417
2419
2420
2422
2423
2424
2425
2428
2429
2430
2433
2435
2436
2437
2438
2439
2441
2442
2444
2445
2446
2448
2450
2451
2452
2453
2455
2456
2457
2459
2460
2461
2464
2465
2466
2467
2468
2469
2471
2472
2474
2477
2478
2479
2481
2482
2483
2484
2485
2486
2487
2490
2491
2492
2493
2494
2495
2497
2498
2499
2501
2503
2504
2506
2507
2509
2510
2512
2513
2514
2515
2516
2517
2518
2519
2522
2523
2524
2525
2527
2528
2529
2530
2531
2532
2534
2537
2538
2539
2541
2542
2544
2546
2547
2550
2555
2556
2557
2558
2561
2563
2565
2567
2568
2569
2570
2571
2572
2575
2576
2577
2579
2580
2581
2582
2583
2585
2588
2589
2590
2593
2595
2597
2599
2600
2601
2603
2605
2606
2607
2608
2609
2610
2612
2614
2615
2616
2617
2620
2621
2622
2627
2630
2631
2632
2633
2634
2635
2638
2639
2641
2642
2643
2645
2646
2648
2649
2650
2652
2653
2654
2655
2657
2658
2660
2662
2665
2667
2669
2671
2672
2673
2675
2677
2678
2679
2680
2681
2683
2684
2687
2688
2690
2691
2693
2695
2696
2697
2698
2699
2702
2703
2707
2708
2709
2713
2714
2716
2717
2718
2719
2720
2727
2728
2732
2733
2734
2736
2737
2739
2742
2744
2745
2746
2747
2748
2750
2752
2753
2754
2755
2757
2759
2760
2761
2762
2763
2764
2766
2769
2773
2774
2778
2779
2780
2781
2782
2783
2784
2786
2787
2788
2790
2791
2792
2795
2797
2799
2803
2804
2805
2806
2807
2809
2811
2815
2817
2818
2819
2821
2822
2825
2826
2829
2830
2831
2832
2836
2837
2838
2839
2841
2842
2843
2845
2847
2850
2852
2853
2854
2856
2857
2858
2862
2863
2864
2865
2866
2867
2868
2870
2871
2873
2875
2876
2877
2878
2879
2880
2882
2883
2884

