0
4
6
9
12
16
17
18
20
21
24
26
27
28
30
37
40
42
54
55
58
60
61
63
64
65
66
69
71
72
73
75
77
80
82
83
86
89
91
94
95
104
108
109
110
112
114
115
119
123
127
129
130
132
133
134
135
137
141
143
146
147
151
154
157
158
159
161
163
167
168
170
172
173
175
176
177
183
185
188
189
190
194
195
198
199
200
201
202
203
206
210
216
218
220
221
224
226
227
229
232
234
235
236
237
238
239
241
244
246
247
248
249
252
259
261
263
266
267
269
275
276
281
285
286
287
290
293
296
298
300
303
304
306
314
317
319
320
321
322
324
330
333
334
337
341
343
345
346
347
349
352
353
354
356
357
360
362
363
364
365
366
369
375
376
378
379
385
386
387
390
392
393
395
397
399
400
409
413
415
417
418
419
420
421
425
427
431
432
434
437
438
439
443
444
446
449
452
453
460
462
463
464
465
466
467
469
471
474
475
480
482
483
484
485
486
490
493
494
496
503
505
507
508
513
516
520
522
523
524
525
526
527
528
532
533
542
544
545
548
549
551
553
554
555
556
557
559
560
561
562
563
564
566
567
568
569
570
572
577
578
580
581
584
587
590
591
592
595
597
598
599
601
602
603
607
608
610
611
612
613
614
616
617
619
620
622
625
626
628
630
634
636
637
639
641
642
647
649
655
656
659
660
661
662
663
665
671
672
673
674
677
679
681
685
686
688
690
692
693
694
695
696
697
702
704
705
710
713
720
723
725
730
734
738
739
740
742
744
749
750
753
754
755
756
757
760
762
764
765
767
769
770
771
772
774
776
779
780
781
782
786
788
790
792
794
796
802
803
806
808
811
813
814
818
819
821
822
824
826
831
832
834
836
840
842
843
846
849
850
852
854
855
858
860
861
862
864
866
867
869
872
874
875
876
878
880
881
882
883
885
887
892
893
895
897
898
899
901
902
906
908
909
910
911
912
914
915
916
919
920
921
922
923
924
925
927
928
929
930
931
933
934
938
939
940
941
942
944
946
949
954
955
957
964
966
968
969
970
971
972
973
975
978
979
981
983
985
988
989
990
991
993
997
1002
1004
1006
1007
1010
1011
1012
1013
1016
1017
1018
1019
1020
1021
1022
1023
1026
1027
1029
1030
1031
1034
1036
1038
1039
1041
1042
1044
1045
1046
1048
1049
1052
1054
1055
1058
1060
1061
1062
1063
1065
1068
1069
1070
1071
1076
1077
1079
1081
1084
1085
1086
1087
1088
1092
1094
1097
1099
1104
1107
1109
1111
1112
1118
1120
1121
1123
1124
1127
1131
1132
1133
1134
1136
1138
1139
1144
1146
1147
1148
1149
1151
1152
1153
1158
1162
1165
1166
1169
1174
1175
1176
1179
1180
1181
1182
1188
1189
1191
1192
1194
1198
1201
1202
1203
1205
1207
1210
1211
1212
1213
1215
1217
1218
1221
1222
1224
1227
1228
1229
1230
1231
1232
1234
1238
1239
1240
1241
1242
1243
1244
1245
1246
1248
1249
1252
1255
1256
1260
1261
1262
1264
1267
1270
1272
1275
1278
1279
1280
1283
1285
1289
1291
1292
1300
1303
1305
1306
1307
1308
1310
1314
1315
1316
1317
1318
1319
1320
1322
1323
1324
1327
1328
1329
1330
1332
1337
1338
1343
1344
1345
1346
1350
1352
1353
1354
1356
1357
1358
1360
1362
1364
1365
1371
1372
1373
1378
1380
1382
1383
1385
1387
1389
1391
1392
1394
1396
1397
1400
1402
1404
1406
1408
1409
1410
1412
1414
1415
1416
1418
1419
1421
1422
1424
1425
1437
1438
1439
1444
1445
1446
1450
1451
1454
1457
1458
1459
1461
1462
1463
1464
1467
1471
1472
1473
1475
1476
1477
1479
1481
1482
1483
1484
1487
1488
1490
1493
1495
1496
1501
1502
1503
1505
1507
1510
1512
1513
1514
1518
1520
1521
1524
1525
1526
1529
1530
1532
1534
1535
1536
1538
1540
1542
1545
1546
1547
1548
1549
1550
1551
1552
1553
1559
1562
1563
1567
1572
1574
1579
1580
1583
1585
1592
1593
1596
1599
1601
1604
1608
1610
1614
1615
1616
1621
1622
1624
1626
1627
1629
1631
1632
1637
1640
1641
1642
1643
1644
1645
1647
1648
1655
1657
1658
1661
1662
1663
1665
1668
1670
1674
1676
1677
1680
1681
1683
1686
1687
1689
1690
1692
1694
1695
1696
1697
1698
1699
1701
1703
1706
1707
1708
1709
1710
1712
1715
1718
1719
1722
1723
1727
1728
1737
1740
1741
1743
1744
1745
1751
1753
1755
1756
1757
1758
1759
1760
1761
1763
1764
1765
1767
1769
1774
1775
1778
1779
1780
1782
1784
1785
1786
1787
1789
1790
1792
1796
1797
1799
1803
1804
1809
1810
1811
1814
1817
1820
1824
1825
1827
1828
1829
1830
1831
1835
1838
1839
1840
1846
1847
1848
1852
1853
1854
1856
1857
1860
1865
1866
1867
1868
1869
1870
1871
1874
1878
1879
1881
1882
1884
1888
1889
1892
1893
1897
1902
1906
1907
1909
1910
1915
1916
1918
1920
1922
1925
1926
1927
1928
1929
1930
1932
1941
1943
1944
1945
1946
1948
1949
1950
1951
1954
1957
1958
1962
1963
1964
1966
1968
1969
1970
1971
1972
1983
1989
1991
1993
1995
1997
1999
2001
2003
2004
2008
2009
2015
2017
2018
2019
2022
2026
2027
2028
2030
2034
2035
2036
2037
2038
2045
2047
2048
2050
2051
2052
2054
2056
2057
2058
2061
2062
2063
2064
2065
2068
2071
2072
2075
2076
2077
2078
2079
2080
2081
2086
2089
2090
2095
2098
2100
2101
2105
2106
2108
2109
2110
2111
2112
2114
2117
2120
2122
2126
2127
2128
2129
2132
2134
2135
2136
2137
2139
2141
2142
2143
2147
2149
2153
2154
2155
2156
2160
2162
2164
2166
2169
2170
2172
2173
2174
2176
2180
2181
2186
2190
2192
2193
2194
2195
2196
2198
2199
2200
2201
2204
2208
2210
2212
2215
2216
2217
2220
2221
2223
2225
2226
2227
2228
2231
2233
2236
2237
2240
2241
2244
2246
2249
2251
2253
2255
2256
2259
2260
2262
2263
2266
2267
2271
2273
2276
2278
2280
2281
2285
2286
2290
2294
2295
2296
2297
2299
2300
2301
2303
2305
2309
2313
2315
2317
2318
2319
2320
2321
2326
2329
2330
2331
2332
2333
2334
2338
2341
2343
2344
2345
2347
2348
2349
2351
2352
2353
2354
2357
2359
2366
2369
2370
2371
2374
2375
2381
2385
2386
2387
2388
2389
2390
2391
2393
2396
2398
2399
2402
2403
2404
2406
2408
2409
2410
2411
2412
2414
2417
2420
2421
2423
2425
2426
2427
2429
2431
2432
2433
2434
2436
2438
2439
2440
2441
2442
2443
2444
2446
2447
2448
2450
2451
2454
2455
2458
2461
2462
2464
2465
2466
2467
2470
2480
2485
2486
2489
2492
2494
2498
2500
2503
2506
2508
2511
2512
2513
2517
2520
2521
2527
2528
2529
2531
2533
2535
2536
2537
2541
2543
2544
2545
2546
2549
2551
2554
2555
2557
2560
2564
2565
2567
2569
2573
2574
2575
2580
2583
2584
2586
2587
2588
2591
2593
2595
2596
2598
2599
2600
2604
2605
2607
2608
2611
2617
2619
2621
2622
2627
2628
2629
2630
2631
2633
2635
2638
2639
2641
2643
2644
2645
2648
2650
2653
2654
2658
2659
2662
2664
2665
2666
2667
2668
2669
2670
2671
2672
2674
2675
2676
2677
2679
2683
2685
2686
2689
2691
2692
2693
2694
2695
2696
2704
2706
2707
2708
2711
2712
2715
2717
2718
2724
2725
2728
2729
2730
2733
2736
2738
2741
2746
2747
2750
2752
2754
2756
2757
2759
2761
2762
2765
2766
2767
2768
2769
2770
2772
2773
2774
2777
2780
2781
2782
2784
2786
2787
2788
2789
2790
2794
2795
2797
2803
2804
2805
2807
2809
2810
2811
2813
2814
2817
2818
2819
2824
2825
2826
2829
2830
2832
2837
2840
2843
2845
2848
2849
2850
2852
2853
2854
2858
2859
2860
2861
2863
2864
2865
2867
2872
2873
2878
2880
2881
2883
2888
2891
2895
2897
2899
2901
2903
2905
2909
2911
2913
2914
2916
2923
2927
2929
2933
2934
2937
2938
2939
2941
2942
2944
2945
2946
2950
2952
2954
2956
2957
2958
2960
2963
2964
2966
2968
2969
2970
2972
2973
2975
2976
2977
2980
2983
2987
2988
2991
2996
2998
3001
3002
3003
3005
3006
3009
3014
3020
3021
3022
3024
3025
3026
3028
3032
3033

