22
29
34
35
44
54
62
69
72
73
88
121
122
123
125
138
149
153
158
162
172
177
182
187
193
196
201
218
222
238
239
244
255
258
260
262
267
269
275
277
279
281
283
288
292
293
298
316
322
324
335
336
341
344
347
350
359
364
365
367
371
374
381
389
399
403
404
405
409
410
415
416
420
422
426
427
433
448
452
456
457
465
471
476
477
479
480
487
488
494
496
499
500
514
524
528
529
530
532
533
544
550
565
575
577
590
606
612
614
615
617
621
634
635
651
652
662
664
666
681
682
688
690
692
702
705
706
707
709
712
713
717
724
740
744
751
756
773
774
777
783
786
791
805
820
825
826
828
829
834
839
841
846
847
853
856
857
860
868
870
874
882
888
890
899
900
901
905
908
912
913
916
919
925
928
936
944
947
953
954
959
968
982
986
987
989
998
1006
1014
1034
1052
1053
1054
1064
1067
1068
1071
1073
1077
1086
1090
1094
1099
1101
1105
1106
1107
1115
1117
1127
1131
1132
1137
1153
1157
1167
1178
1179
1190
1191
1194
1197
1201
1206
1219
1220
1221
1226
1243
1248
1250
1251
1273
1284
1299
1307
1317
1329
1337
1344
1350
1353
1355
1356
1374
1375
1376
1379
1393
1394
1399
1406
1413
1415
1421
1423
1426
1428
1432
1440
1443
1454
1458
1468
1488
1490
1503
1509
1511
1512
1515
1516
1520
1535
1541
1542
1548
1552
1557
1565
1571
1581
1591
1592
1596
1604
1613
1625
1629
1634
1637
1638
1644
1651
1653
1655
1658
1661
1662
1669
1670
1677
1687
1691
1698
1701
1707
1720
1721
1725
1756
1771
1781
1783
1793
1796
1803
1812
1813
1815
1829
1835
1836
1839
1845
1846
1853
1856
1862
1863
1864
1865
1870
1873
1882
1884
1889
1890
1891
1896
1897
1898
1905
1906
1912
1918
1926
1927
1932
1935
1936
1937
1940
1944
1949
1951
1959
1963
1971
1977
1979
1989
2000
2001
2002
2004
2010
2014
2016
2020
2023
2031
2037
2045
2061
2082
2085
2095
2096
2098
2101
2109
2117
2126
2137
2139
2140
2141
2154
2157
2158
2162
2165
2170
2187
2203
2208
2250
2265
2267
2270
2286
2289
2293
2297
2298
2302
2304
2309
2313
2315
2317
2318
2323
2324
2325
2326
2328
2336
2337
2348
2352
2365
2370
2373
2378
2381
2382
2384
2385
2388
2390
2404
2406
2412
2414
2423
2436
2437
2444
2446
2453
2459
2466
2468
2471
2472
2474
2480
2481
2484
2485
2490
2492
2495
2497
2506
2507
2509
2510
2515
2516
2523
2526
2529
2530
2531
2534
2544
2565
2568
2569
2575
2577
2580
2588
2590
2599
2601
2605
2606
2610
2615
2616
2633
2642
2671
2681
2687
2691
2699
2703
2708
2714
2716
2717
2728
2729
2736
2738
2745
2747
2750
2754
2757
2760
2766
2784
2787
2792
2799
2800
2804
2805
2807
2809
2817
2819
2838
2845
2852
2856
2863
2865
2866
2876
2881
2882
2883
2884
