0
58
64
71
81
161
170
188
231
236
244
341
347
349
378
390
395
412
439
480
488
510
526
545
555
607
616
624
643
674
728
740
744
749
752
767
786
794
843
876
880
887
899
906
911
923
964
1017
1038
1044
1097
1148
1158
1174
1209
1243
1245
1252
1289
1291
1315
1327
1357
1369
1375
1378
1409
1421
1444
1445
1473
1481
1487
1505
1513
1521
1550
1575
1611
1614
1629
1636
1656
1669
1692
1761
1813
1818
1820
1831
1866
1876
1888
1944
1949
1964
1965
1997
2011
2028
2030
2032
2057
2083
2117
2147
2153
2216
2286
2296
2343
2359
2411
2439
2440
2525
2575
2576
2595
2596
2626
2639
2642
2653
2690
2729
2730
2731
2762
2782
2797
2809
2819
2842
2858
2872
2883
2885
2899
2913
2977
2980
2993
3007
