3
6
8
10
13
16
17
19
21
27
29
32
34
36
37
40
44
49
50
54
55
56
64
65
68
69
70
78
81
90
92
98
102
105
106
109
110
111
112
119
122
124
127
128
140
141
147
150
154
155
162
165
166
171
180
185
189
190
195
199
201
204
213
216
218
222
228
233
237
242
250
253
255
265
266
267
269
273
274
275
283
285
286
287
292
294
296
297
299
307
310
314
315
316
323
324
325
326
329
337
340
342
345
348
350
354
359
360
363
364
365
370
371
374
378
380
385
394
398
400
401
407
409
410
411
412
414
419
423
424
426
431
433
434
437
438
440
446
448
451
452
454
456
457
459
464
467
470
474
477
479
480
483
484
485
492
493
507
508
512
513
516
517
518
520
526
528
529
530
532
535
538
545
547
551
562
564
572
575
577
579
593
597
598
603
605
613
617
621
622
627
630
636
639
640
651
652
655
658
663
665
667
673
674
676
679
682
687
688
689
690
691
697
698
700
703
704
705
706
710
712
713
715
721
723
727
732
733
745
755
759
763
767
770
772
773
777
781
783
786
787
788
798
801
808
810
814
817
830
831
835
838
840
843
846
851
852
853
859
861
864
867
869
873
876
880
884
887
889
890
892
893
896
899
902
913
915
916
919
920
923
925
928
931
934
942
947
948
951
954
956
965
971
975
981
982
987
989
990
994
997
1001
1008
1012
1013
1020
1028
1035
1038
1047
1049
1051
1063
1065
1067
1068
1073
1074
1075
1077
1078
1079
1080
1085
1087
1088
1089
1091
1096
1098
1099
1103
1105
1106
1111
1112
1117
1121
1124
1130
1135
1137
1138
1139
1142
1143
1144
1146
1150
1153
1156
1157
1162
1164
1165
1166
1177
1179
1184
1187
1189
1191
1193
1194
1196
1199
1201
1205
1206
1209
1211
1212
1218
1221
1222
1224
1230
1232
1234
1239
1247
1257
1259
1264
1265
1266
1271
1272
1275
1276
1277
1281
1283
1285
1287
1289
1292
1293
1294
1295
1298
1299
1300
1304
1310
1312
1320
1323
1324
1328
1329
1331
1334
1336
1337
1340
1341
1342
1347
1348
1350
1351
1353
1354
1356
1362
1363
1367
1370
1373
1378
1381
1388
1389
1393
1396
1406
1412
1414
1422
1424
1426
1428
1429
1432
1439
1457
1459
1461
1469
1472
1473
1474
1480
1482
1487
1489
1490
1492
1501
1510
1512
1515
1517
1530
1535
1538
1541
1542
1543
1555
1556
1558
1559
1560
1564
1566
1568
1571
1574
1576
1577
1580
1585
1586
1588
1592
1594
1595
1597
1598
1600
1603
1606
1607
1619
1624
1626
1631
1634
1636
1638
1640
1647
1649
1653
1655
1658
1667
1668
1674
1675
1676
1680
1684
1686
1690
1693
1695
1696
1698
1699
1702
1706
1707
1713
1716
1720
1725
1740
