3.117522
3.169343
3.083253
3.034116
2.753905
2.535609
2.066723
1.664982
1.144075
0.655098
0.264392
-0.152647
-0.205401
-0.355765
-0.801345
-1.167822
-1.735523
-2.249305
-2.531121
-2.875092
-3.001040
-3.185408
-3.200007
-3.260096
-3.114462
-3.023952
-2.953806
-2.878204
-2.959270
-2.998358
-2.884975
-2.812447
-2.540134
-2.321353
-2.058271
-1.807060
-1.596039
-1.374250
-1.240898
-1.083850
-0.988716
-0.876992
-0.768211
-0.658641
-0.606143
-0.538352
-0.518116
-0.485137
-0.430163
-0.381082
-0.275988
-0.185903
-0.069381
0.040057
0.000000
0.000000
0.000000
0.000000
0.000000
0.000000
0.000000
0.000000
0.000000
0.000000
-0.010741
-0.018603
-0.034944
-0.049012
-0.024488
-0.010305
-0.004912
0.002836
0.000000
0.000000
0.000000
0.000000
0.000000
0.000000
0.000000
0.000000
0.000000
0.000000
0.000000
0.000000
0.000000
0.000000
0.000000
0.000000
0.000000
0.000000
0.000000
0.000000
0.000000
0.000000
0.003855
0.006677
0.013404
0.019085
0.040435
0.057587
0.092599
0.122826
0.141782
0.163758
0.143738
0.134971
0.106578
0.083443
0.084321
0.078764
0.065217
0.053811
0.050859
0.045642
0.055996
0.062177
0.056075
0.053265
0.058912
0.062294
0.071220
0.078661
0.066078
0.058861
0.095903
0.121086
0.121339
0.128271
0.124191
0.123063
0.125934
0.127734
0.130543
0.133081
0.181740
0.218041
0.240873
0.267314
0.264078
0.268794
0.269758
0.271727
0.264742
0.260155
0.237801
0.220208
0.240996
0.251500
0.281853
0.306888
0.316392
0.330058
0.326849
0.328162
0.314773
0.305324
0.317919
0.324607
0.343800
0.359643
0.363143
0.369950
0.371045
0.373670
0.385486
0.394840
0.405758
0.416258
0.415133
0.417122
0.437953
0.453735
0.461942
0.472178
0.480562
0.489441
0.518980
0.542983
0.530097
0.527096
0.542595
0.553137
0.576743
0.596848
0.625540
0.651930
0.685676
0.717451
0.739230
0.763686
0.764021
0.770818
0.759280
0.752654
0.770879
0.782445
0.801848
0.819151
0.843384
0.865760
0.880519
0.897319
0.906740
0.918138
0.927841
0.937998
0.963397
0.984711
1.003900
1.023659
1.037164
1.052345
1.061796
1.072782
1.101300
1.125120
1.136877
1.151867
1.151991
1.156098
1.172367
1.185378
1.224121
1.255970
1.316303
1.369003
1.369190
1.383448
1.366603
1.358092
1.357941
1.355550
1.387159
1.409657
1.443772
1.474775
1.486840
1.503979
1.533647
1.559958
1.584533
1.609573
1.622260
1.638257
1.662731
1.684933
1.704278
1.724389
1.734074
1.746553
1.739115
1.737014
1.749922
1.758809
1.780114
1.798092
1.806924
1.818206
1.833263
1.847309
1.873688
1.896762
1.900451
1.909335
1.905342
1.904800
1.888408
1.876263
1.867142
1.857211
1.878285
1.891051
1.912794
1.932131
1.902101
1.885299
1.854002
1.826589
1.811303
1.792767
1.775460
1.757824
1.728984
1.703147
1.679215
1.654772
1.620824
1.589423
1.546079
1.505934
1.460143
1.415864
1.381864
1.345109
1.289564
1.239054
1.170496
1.106774
1.051887
0.994633
0.933812
0.873947
0.815236
0.756215
0.731095
0.696891
0.631827
0.575033
0.519504
0.463636
0.412213
0.359599
0.288398
0.222177
0.164818
0.105084
0.070202
0.028661
0.013905
-0.008028
0.000000
0.000000
0.000000
0.000000
0.000000
0.000000
-0.016760
-0.029030
-0.087544
-0.133667
-0.172517
-0.213316
-0.235154
-0.262073
-0.293916
-0.324440
-0.340525
-0.360479
-0.371469
-0.384861
-0.422686
-0.453965
-0.488766
-0.522623
-0.506303
-0.503427
-0.528048
-0.545302
-0.588595
-0.624911
-0.603171
-0.596987
-0.585392
-0.575247
-0.574729
-0.571632
-0.605658
-0.629737
-0.640419
-0.654690
-0.652885
-0.655388
-0.649191
-0.645325
-0.635589
-0.627426
-0.645998
-0.657407
-0.691776
-0.719992
-0.698464
-0.690265
-0.656139
-0.628961
-0.643298
-0.646512
-0.676826
-0.699878
-0.718505
-0.738317
-0.719517
-0.711062
-0.704781
-0.697917
-0.655441
-0.622507
-0.614398
-0.599637
-0.630577
-0.649271
-0.655296
-0.664716
-0.664943
-0.667634
-0.660184
-0.655452
-0.641943
-0.630785
-0.630563
-0.627411
-0.627087
-0.626006
-0.619463
-0.614383
-0.624941
-0.631308
-0.634978
-0.639370
-0.660282
-0.676768
-0.673480
-0.675490
-0.642538
-0.618954
-0.596551
-0.573832
-0.585071
-0.587210
-0.602012
-0.613420
-0.620241
-0.628291
-0.631222
-0.635524
-0.609249
-0.591168
-0.584806
-0.575304
-0.559811
-0.545924
-0.550020
-0.549297
-0.541000
-0.534733
-0.537319
-0.537533
-0.540591
-0.542887
-0.550957
-0.557481
-0.574317
-0.588390
-0.573355
-0.566119
-0.547475
-0.531888
-0.533674
-0.530805
-0.498288
-0.473716
-0.482547
-0.482428
-0.490196
-0.495850
-0.505619
-0.514285
-0.486517
-0.468512
-0.458101
-0.445656
-0.446020
-0.442953
-0.465373
-0.480964
-0.457273
-0.444107
-0.445946
-0.443764
-0.472580
-0.493091
-0.479225
-0.474570
-0.465048
-0.456831
-0.470779
-0.478788
-0.468684
-0.463434
-0.454726
-0.446945
-0.458425
-0.464745
-0.469117
-0.474012
-0.459822
-0.450746
-0.441295
-0.431944
-0.437037
-0.438261
-0.433328
-0.430044
-0.429130
-0.427582
-0.431855
-0.434569
-0.455114
-0.470881
-0.476990
-0.485688
-0.487460
-0.491087
-0.490982
-0.491877
-0.489805
-0.488528
-0.470105
-0.456276
-0.466195
-0.469750
-0.488586
-0.503328
-0.537144
-0.565849
-0.536959
-0.523502
-0.485992
-0.454927
-0.461646
-0.458240
-0.463978
-0.467266
-0.451843
-0.441434
-0.464014
-0.477754
-0.479022
-0.483632
-0.471599
-0.464026
-0.466120
-0.465623
-0.461751
-0.458783
-0.465081
-0.468895
-0.478583
-0.486696
-0.493716
-0.501029
-0.475698
-0.459114
-0.450721
-0.440133
-0.472650
-0.493616
-0.521685
-0.547851
-0.537203
-0.536419
-0.502173
-0.476893
-0.442687
-0.410873
-0.413164
-0.406317
-0.408670
-0.408558
-0.387899
-0.372745
-0.332552
-0.299067
-0.257831
-0.218672
-0.207650
-0.189089
-0.173907
-0.157820
-0.112424
-0.074881
-0.052472
-0.026008
-0.011315
0.006533
0.000000
0.000000
0.000000
0.000000
0.000000
0.000000
0.000000
0.000000
0.000000
0.000000
0.000000
0.000000
0.000000
0.000000
0.000000
0.000000
0.000000
0.000000
0.000000
0.000000
0.000000
0.000000
0.094029
0.162863
0.192249
0.232206
0.218199
0.218651
0.207698
0.199802
0.207619
0.211225
0.205897
0.202963
0.179554
0.161630
0.138082
0.116041
0.084720
0.055885
0.021060
-0.012159
0.000000
0.000000
-0.005288
-0.009159
-0.019752
-0.028545
-0.045199
-0.059746
-0.090184
-0.116365
-0.143773
-0.170852
-0.192282
-0.215225
-0.235955
-0.257278
-0.266947
-0.279740
-0.269113
-0.264761
-0.314372
-0.349524
-0.385989
-0.422102
-0.417473
-0.423761
-0.412974
-0.406762
-0.383178
-0.364250
-0.352238
-0.338373
-0.312587
-0.289994
-0.279779
-0.266248
-0.261510
-0.254416
-0.238217
-0.224458
-0.220266
-0.213510
-0.211209
-0.207714
-0.233976
-0.252264
-0.278218
-0.302118
-0.309533
-0.321364
-0.317401
-0.317670
-0.327365
-0.334534
-0.320704
-0.312501
-0.303874
-0.295361
-0.290304
-0.284321
-0.276660
-0.269449
-0.270445
-0.269242
-0.272226
-0.274087
-0.277062
-0.279739
-0.280810
-0.282312
-0.281605
-0.281490
-0.286352
-0.289881
-0.302812
-0.313223
-0.324333
-0.335255
-0.296434
-0.270942
-0.250653
-0.228970
-0.221759
-0.210671
-0.222670
-0.228484
-0.200153
-0.180971
-0.181954
-0.177534
-0.202980
-0.220424
-0.222478
-0.228656
-0.223785
-0.221875
-0.201343
-0.185801
-0.202489
-0.210542
-0.223796
-0.235657
-0.266809
-0.292791
-0.279280
-0.276351
-0.260524
-0.248153
-0.237470
-0.226334
-0.209250
-0.193760
-0.171673
-0.151353
-0.109568
-0.073535
-0.027490
0.015872
0.047847
0.082873
0.273185
0.421889
0.614222
0.794865
0.948100
1.108678
1.309410
1.499383
1.797901
2.067334
2.412253
2.736946
2.910862
3.125179
