3.446366
3.504118
3.408174
3.353412
3.041124
2.797840
2.275278
1.827549
1.247012
0.702061
0.266629
-0.198149
-0.256942
-0.424518
-0.921105
-1.329534
-1.962221
-2.534818
-2.848894
-3.232240
-3.372606
-3.578079
-3.594350
-3.661317
-3.499012
-3.398140
-3.319965
-3.235708
-3.326055
-3.369616
-3.243255
-3.162424
-2.858938
-2.615113
-2.321916
-2.041948
-1.806771
-1.559592
-1.410976
-1.235950
-1.129926
-1.005412
-0.884178
-0.762066
-0.703558
-0.628007
-0.605454
-0.568700
-0.507433
-0.452734
-0.335609
-0.235212
-0.105351
0.016614
-0.028028
-0.028028
-0.028028
-0.028028
-0.028028
-0.028028
-0.028028
-0.028028
-0.028028
-0.028028
-0.039998
-0.048761
-0.066972
-0.082651
-0.055320
-0.039513
-0.033503
-0.024867
-0.028028
-0.028028
-0.028028
-0.028028
-0.028028
-0.028028
-0.028028
-0.028028
-0.028028
-0.028028
-0.028028
-0.028028
-0.028028
-0.028028
-0.028028
-0.028028
-0.028028
-0.028028
-0.028028
-0.028028
-0.028028
-0.028028
-0.023732
-0.020587
-0.013090
-0.006759
0.017035
0.036151
0.075171
0.108858
0.129984
0.154476
0.132164
0.122394
0.090750
0.064967
0.065945
0.059752
0.044654
0.031943
0.028653
0.022839
0.034377
0.041266
0.034466
0.031334
0.037628
0.041397
0.051345
0.059637
0.045614
0.037571
0.078853
0.106919
0.107200
0.114926
0.110380
0.109122
0.112322
0.114328
0.117458
0.120287
0.174516
0.214972
0.240418
0.269887
0.266280
0.271535
0.272610
0.274805
0.267019
0.261908
0.236995
0.217387
0.240556
0.252262
0.286090
0.313990
0.324582
0.339812
0.336236
0.337700
0.322778
0.312247
0.326284
0.333737
0.355128
0.372784
0.376684
0.384271
0.385491
0.388417
0.401586
0.412010
0.424179
0.435880
0.434626
0.436843
0.460058
0.477647
0.486793
0.498202
0.507545
0.517441
0.550361
0.577112
0.562751
0.559406
0.576679
0.588428
0.614736
0.637143
0.669119
0.698531
0.736139
0.771552
0.795823
0.823080
0.823452
0.831028
0.818168
0.810785
0.831095
0.843985
0.865610
0.884894
0.911900
0.936837
0.953286
0.972009
0.982509
0.995212
1.006026
1.017345
1.045651
1.069406
1.090792
1.112812
1.127863
1.144782
1.155314
1.167558
1.199340
1.225887
1.238991
1.255696
1.255834
1.260411
1.278543
1.293043
1.336222
1.371716
1.438955
1.497688
1.497897
1.513787
1.495014
1.485529
1.485360
1.482696
1.517923
1.542997
1.581017
1.615568
1.629014
1.648115
1.681180
1.710503
1.737891
1.765797
1.779937
1.797765
1.825040
1.849784
1.871344
1.893757
1.904550
1.918458
1.910168
1.907826
1.922213
1.932117
1.955861
1.975896
1.985739
1.998313
2.015094
2.030747
2.060146
2.085861
2.089973
2.099874
2.095424
2.094819
2.076551
2.063016
2.052851
2.041783
2.065269
2.079497
2.103728
2.125279
2.091812
2.073086
2.038207
2.007656
1.990619
1.969961
1.950674
1.931019
1.898878
1.870082
1.843411
1.816170
1.778336
1.743341
1.695034
1.650295
1.599261
1.549914
1.512021
1.471059
1.409156
1.352863
1.276458
1.205442
1.144272
1.080463
1.012680
0.945962
0.880530
0.814753
0.786757
0.748637
0.676126
0.612831
0.550945
0.488681
0.431372
0.372735
0.293383
0.219582
0.155657
0.089085
0.050210
0.003914
-0.012531
-0.036975
-0.028028
-0.028028
-0.028028
-0.028028
-0.028028
-0.028028
-0.046707
-0.060381
-0.125593
-0.176996
-0.220293
-0.265763
-0.290101
-0.320101
-0.355590
-0.389607
-0.407534
-0.429773
-0.442020
-0.456945
-0.499101
-0.533960
-0.572745
-0.610478
-0.592289
-0.589084
-0.616524
-0.635752
-0.684002
-0.724475
-0.700246
-0.693354
-0.680432
-0.669125
-0.668548
-0.665097
-0.703018
-0.729853
-0.741757
-0.757662
-0.755651
-0.758440
-0.751534
-0.747225
-0.736375
-0.727277
-0.747976
-0.760691
-0.798993
-0.830440
-0.806448
-0.797310
-0.759278
-0.728988
-0.744967
-0.748548
-0.782332
-0.808023
-0.828782
-0.850863
-0.829910
-0.820488
-0.813488
-0.805838
-0.758500
-0.721796
-0.712758
-0.696308
-0.730789
-0.751623
-0.758338
-0.768836
-0.769089
-0.772088
-0.763786
-0.758512
-0.743456
-0.731021
-0.730774
-0.727261
-0.726900
-0.725694
-0.718402
-0.712741
-0.724507
-0.731604
-0.735694
-0.740589
-0.763895
-0.782268
-0.778603
-0.780843
-0.744119
-0.717836
-0.692869
-0.667549
-0.680073
-0.682458
-0.698954
-0.711669
-0.719270
-0.728242
-0.731508
-0.736303
-0.707020
-0.686868
-0.679778
-0.669188
-0.651922
-0.636445
-0.641010
-0.640205
-0.630958
-0.623974
-0.626856
-0.627094
-0.630502
-0.633061
-0.642055
-0.649325
-0.668089
-0.683773
-0.667017
-0.658953
-0.638174
-0.620803
-0.622793
-0.619595
-0.583357
-0.555972
-0.565814
-0.565681
-0.574338
-0.580639
-0.591527
-0.601185
-0.570239
-0.550172
-0.538570
-0.524699
-0.525106
-0.521687
-0.546674
-0.564049
-0.537646
-0.522973
-0.525022
-0.522591
-0.554706
-0.577565
-0.562111
-0.556923
-0.546312
-0.537154
-0.552699
-0.561624
-0.550364
-0.544512
-0.534808
-0.526136
-0.538931
-0.545974
-0.550847
-0.556301
-0.540487
-0.530372
-0.519839
-0.509418
-0.515095
-0.516458
-0.510960
-0.507301
-0.506282
-0.504556
-0.509319
-0.512343
-0.535240
-0.552812
-0.559621
-0.569314
-0.571289
-0.575331
-0.575214
-0.576212
-0.573903
-0.572480
-0.551948
-0.536536
-0.547589
-0.551552
-0.572544
-0.588974
-0.626661
-0.658652
-0.626455
-0.611457
-0.569653
-0.535032
-0.542520
-0.538725
-0.545119
-0.548783
-0.531595
-0.519994
-0.545159
-0.560472
-0.561886
-0.567023
-0.553613
-0.545173
-0.547506
-0.546953
-0.542637
-0.539330
-0.546348
-0.550599
-0.561396
-0.570438
-0.578262
-0.586412
-0.558181
-0.539699
-0.530345
-0.518545
-0.554783
-0.578150
-0.609432
-0.638593
-0.626726
-0.625853
-0.587686
-0.559512
-0.521391
-0.485935
-0.488488
-0.480857
-0.483480
-0.483355
-0.460331
-0.443443
-0.398648
-0.361331
-0.315374
-0.271732
-0.259448
-0.238762
-0.221843
-0.203914
-0.153321
-0.111481
-0.086507
-0.057014
-0.040638
-0.020748
-0.028028
-0.028028
-0.028028
-0.028028
-0.028028
-0.028028
-0.028028
-0.028028
-0.028028
-0.028028
-0.028028
-0.028028
-0.028028
-0.028028
-0.028028
-0.028028
-0.028028
-0.028028
-0.028028
-0.028028
-0.028028
-0.028028
0.076764
0.153478
0.186229
0.230759
0.215148
0.215652
0.203446
0.194646
0.203357
0.207377
0.201439
0.198169
0.172080
0.152105
0.125861
0.101296
0.066390
0.034254
-0.004557
-0.041579
-0.028028
-0.028028
-0.033921
-0.038235
-0.050042
-0.059840
-0.078401
-0.094614
-0.128536
-0.157713
-0.188259
-0.218438
-0.242321
-0.267891
-0.290993
-0.314757
-0.325534
-0.339790
-0.327947
-0.323097
-0.378387
-0.417563
-0.458203
-0.498450
-0.493291
-0.500298
-0.488276
-0.481353
-0.455070
-0.433975
-0.420588
-0.405136
-0.376397
-0.351219
-0.339835
-0.324754
-0.319474
-0.311568
-0.293515
-0.278181
-0.273509
-0.265980
-0.263415
-0.259519
-0.288788
-0.309170
-0.338095
-0.364731
-0.372994
-0.386180
-0.381763
-0.382063
-0.392867
-0.400857
-0.385444
-0.376302
-0.366688
-0.357200
-0.351564
-0.344896
-0.336358
-0.328322
-0.329432
-0.328091
-0.331416
-0.333491
-0.336806
-0.339789
-0.340984
-0.342657
-0.341869
-0.341741
-0.347160
-0.351093
-0.365504
-0.377107
-0.389488
-0.401661
-0.358396
-0.329985
-0.307374
-0.283209
-0.275173
-0.262815
-0.276188
-0.282667
-0.251093
-0.229715
-0.230811
-0.225885
-0.254244
-0.273685
-0.275974
-0.282859
-0.277431
-0.275302
-0.252420
-0.235098
-0.253697
-0.262671
-0.277443
-0.290662
-0.325379
-0.354336
-0.339278
-0.336014
-0.318375
-0.304587
-0.292682
-0.280272
-0.261232
-0.243969
-0.219353
-0.196707
-0.150139
-0.109981
-0.058665
-0.010340
0.025296
0.064331
0.276429
0.442156
0.656506
0.857827
1.028603
1.207564
1.431274
1.642993
1.975683
2.275959
2.660362
3.022224
3.216049
3.454899
