16014691033
49106087368
21914665328
-11293156780
-38395941381
10507794037
46857708369
14304764182
-57751396315
-15464848888
-31211380466
-8349611608
19040871890
16305521703
-36526741513
-4615004392
-17548620573
-8789403098
2868199957
19972470765
-15045045519
-1669900461
13215206550
5292677308
11027250233
20619649534
-5074624221
835100503
-15125736193
21280642993
-14544144178
13544614261
10489383809
18879852843
19235076490
21435674544
13888023158
-12524158771
-16631642789
16926908301
-16540120170
-11769486147
-14354826770
16234669694
17865319451
10403186743
-19539011891
-16508023480
11571998456
-19926004923
-15921667352
-14007106958
19728337797
16893194141
-15488774857
9742784878
-17299512622
-18401168624
17060383078
-19428500369
-20667765255
12583643624
-10772424959
17436084861
-18044529080
9474510090
15085294624
-15479745321
-16444621894
-19003917001
18366168281
19233673750
5872591872
-14231361624
-11804464157
-13880765480
-21896645150
16366795252
19147454861
-9201046733
-20166286063
16850403947
-17458691031
20840251580
19912728102
-20555167917
15493744859
-19948105531
-9867645308
707092230
19414343254
21423771864
20165269562
-16599110288
-16188129405
15377499423
20537044723
16739664945
-10904597534
20714643754
-19905795348
19955573583
18398897113
-20937231920
-17974712994
19328446363
18341711948
-10708873516
-18324565787
18628570329
9148589577
-15257924168
-9709264997
-20779449387
11718986674
18140861225
20731463798
-15671175432
-17319125229
-16529497234
20405500132
19070753671
-20925841071
-14046026587
19107711068
19229999293
21155102573
-12362598738
18570037737
21986619699
-14622784682
-21455289855
19914255749
21910939263
13192944303
-18243010856
-20444595912
16171316204
21672445996
-21987404941
-15997369119
-19494137125
19592465980
-17505982298
20336840910
21660594653
-11296506148
-21961310466
19414333939
-18579662073
17081145489
-21209813784
-16015967548
16997096674
-16936263908
19546057213
-19154162672
12590280376
-18355666366
17368263370
-12645972703
14220929875
-16995705389
-19268504898
10681059692
21988842664
-18400420687
12196873626
-13745588801
19954377625
11182355978
15701245024
-6379361074
14653120575
12412725153
16467627594
-8149656493
-21903569539
16598957775
20892032545
8215182689
-15768193791
-13911551519
-21981776570
-8460155175
-11503025338
-13619269616
-17873704500
13108349544
15091568669
14937518975
20942005514
-13195131907
-14383101059
15080925571
-19228112733
16915142677
16472575311
-11411204167
16567494924
-16940678339
21620825912
-18754005365
-12710804920
9561889708
18612075084
-17257605760
-8023889733
13299361168
-12619829392
8407703108
-18610208844
14968544101
19377653234
-18297495871
20602355081
19859328814
-8808705930
-21545370134
-21837114936
9961512648
-13546770911
2602601536
-10319539225
-18210283287
21496563339
15101879196
15132119479
21779667948
-12982414537
20809151558
9666852921
-13571832215
17633806131
15031805167
-14286527147
-20859019667
18616054079
-19415404122
-16599722007
10347926611
21989544237
21988921152
-18802144848
18886143047
-21005410993
-17732280719
-19722164820
18073027196
18965958030
21989025455
11600575910
-17025136856
-17756583025
-16884307193
14664712904
2153489481
-15592345008
-11231186696
16998351479
-7615107315
20881187267
14889374226
-17970749204
-14127262781
-20409963390
21221541505
-17533016143
13520937782
19837961824
-10228663385
-16536011240
18695137266
8200536930
12465039249
-14769467666
-16187390509
20636961158
12568886193
13054946982
-20214322072
-13598034147
15188378260
-20552910583
16343595681
14717170952
-16282241362
-18960822371
2154709005
14236525280
19087878320
13948336051
16278912408
19603427606
20181311367
17098241769
14653867623
20798893333
-12585117168
-13894961632
19839292626
18628564333
-16476687715
16493715506
-17934183449
-18277681576
-11208776953
14770108617
2819411051
18509324457
-16600283581
-21117045756
21989210106
-20263763627
19687941846
17246378341
17245875481
560118323
-1062676534
-18801106080
9939797441
-13971497979
-19317192804
-19679030775
-19937266440
19016046514
-18359714452
-18199877519
-18866695546
-14244747698
17865156513
12724236341
21888927714
20263841856
18788549708
-14272962280
13314201608
-21329369428
-17467411967
18074807958
-9364456368
-18237783402
-20313463248
21675518480
-19906139729
5143988654
-19475128464
-18684836113
-18233374868
16586678119
14998648372
-12971206612
-20839722878
18286794528
-341147812
-4812357713
-21427672491
-17947137457
21718935708
1528617411
-19038804818
19125952892
-20788255392
12083299827
237587609
5800408353
16046370891
10983593530
16552983683
14413575111
7726761244
-10150884054
-16760657648
55378365394
18466866420
