38004378329
71095774664
43904352624
10696530516
60385628677
11481893259
68847395665
7684923114
79741083611
37454536184
53201067762
30339298904
41030559186
5684165593
58516428809
26604691688
4441066723
13200284198
24857887253
2017216531
6944641777
20319786835
8774480746
16697009988
10962437063
1370037762
16915063075
22824787799
6863951103
709044303
7445543118
8445073035
11500303487
3109834453
2754610806
554012752
8101664138
9465528525
5358044507
5062778995
5449567126
10220201149
7634860526
5755017602
4124367845
11586500553
2450675405
5481663816
10417688840
2063682373
6068019944
7982580338
2261349499
5096493155
6500912439
12246902418
4690174674
3588518672
4929304218
2561186927
1321922041
9406043672
11217262337
4553602435
3945158216
12515177206
6904392672
6509941975
5545065402
2985770295
3623519015
2756013546
16117095424
7758325672
10185223139
8108921816
93042146
5622892044
2842232435
12788640563
1823401233
5139283349
4530996265
1149435716
2076959194
1434519379
6495942437
2041581765
12122041988
21282595066
2575344042
565915432
1824417734
5390577008
5801557891
6612187873
1452642573
5250022351
11085089762
1275043542
2083891948
2034113713
3590790183
1052455376
4014974302
2661240933
3647975348
11280813780
3665121509
3361116967
12841097719
6731763128
12280422299
1210237909
10270700622
3848826071
1258223498
6318511864
4670562067
5460190062
1584187164
2918933625
1063846225
7943660709
2881976228
2759688003
834584723
9627088558
3419649559
3067597
7366902614
534397441
2075431547
78748033
8796742993
3746676440
1545091384
5818371092
317241300
2282355
5992318177
2495550171
2397221316
4483704998
1652846386
329092643
10693181148
28376830
2575353357
3410025223
4908541807
779873512
5973719748
4992590622
5053423388
2443630083
2835524624
9399406920
3634020930
4621423926
9343714593
7768757421
4993981907
2721182398
11308627604
844632
3589266609
9792813670
8244098495
2035309671
10807331318
6288442272
15610326222
7336566721
9576962143
5522059702
13840030803
86117757
5390729521
1097654751
13774504607
6221493505
8078135777
7910726
30449842471
10486661958
8370417680
4115982796
8881337752
6898118627
7052168321
1047681782
8794555389
7606586237
6908761725
2761574563
5074544619
5517111985
10578483129
5422192372
5049008957
368861384
3235681931
9278882376
12427797588
3377612212
4732081536
13965797563
8690326128
9369857904
13581984188
3379478452
7021143195
2612034062
3692191425
1387332215
2130358482
13180981366
444317162
152572360
12028174648
8442916385
19387085760
11670148071
3779404009
493123957
6887808100
6857567817
210019348
9007272759
1180535738
12322834375
8417855081
4355881165
6957882129
7703160149
1130667629
3373633217
2574283174
5389965289
11641760685
143059
766144
3187542448
3103544249
984276303
4257406577
2267522476
3916660100
3023729266
661841
10389111386
4964550440
4233104271
5105380103
7324974392
19836197815
6397342288
10758500600
4991335817
14374579981
1108500029
7100313070
4018938092
7862424515
1579723906
768145791
4456671153
8468749514
2151725472
11761023911
5453676056
3294550030
13789150366
9524648047
7220219630
5802296787
1352726138
9420801103
8934740314
1775365224
8391653149
6801309036
1436776713
5646091615
7272516344
5707445934
3028864925
24144396301
7753162016
2901808976
8041351245
5710774888
2386259690
1808375929
4891445527
7335819673
1190793963
9404570128
8094725664
2150394670
3361122963
5512999581
5495971790
4055503847
3712005720
10780910343
7219578679
19170276245
3480362839
5389403715
872641540
477190
1725923669
2301745450
4743308955
4743811815
22549805619
23052363830
3188581216
12049889855
8018189317
2672494492
2310656521
2052420856
2973640782
3629972844
3789809777
3122991750
7744939598
4124530783
9265450955
100759582
1725845440
3201137588
7716725016
8675485688
660317868
4522275329
3914879338
12625230928
3751903894
1676224048
314168816
2083547567
16845698642
2514558832
3304851183
3756312428
5403009177
6991038924
9018480684
1149964418
3702892768
22330835108
17177329583
562014805
4042549839
270751588
20461069885
2950882478
2863734404
1201431904
9906387469
21752099687
16189278943
5943316405
11006093766
5436703613
7576112185
14262926052
32140571350
5229029648
77368052690
40456553716
