4.655303
4.516324
3.898892
2.762597
1.379562
0.177450
-0.625293
-1.661848
-3.115044
-4.087941
-4.609412
-4.779368
-4.523365
-4.309529
-4.420085
-4.214944
-3.596138
-2.885606
-2.258289
-1.814090
-1.498087
-1.188177
-0.996435
-0.903159
-0.764338
-0.509538
-0.188103
0.077370
0.156516
0.106002
0.018969
-0.096365
-0.222239
-0.262031
-0.221915
-0.165386
-0.092225
0.010937
0.122308
0.139261
0.162179
0.194738
0.155271
0.081163
0.034953
0.046404
0.095644
0.207982
0.224049
0.272562
0.358055
0.420213
0.395416
0.329982
0.314266
0.282004
0.267248
0.284732
0.276783
0.286346
0.307391
0.286978
0.358206
0.377815
0.374621
0.379712
0.386891
0.489565
0.564352
0.577691
0.583261
0.570289
0.520528
0.550238
0.621046
0.659699
0.663412
0.636685
0.655601
0.700411
0.719664
0.727091
0.753546
0.783242
0.788870
0.833509
0.862462
0.887578
0.955469
0.946979
0.976797
1.033664
1.108308
1.198181
1.267356
1.286583
1.267844
1.300557
1.349498
1.412786
1.460304
1.492543
1.521272
1.581559
1.637445
1.680383
1.711457
1.778830
1.821227
1.832843
1.869643
1.959724
2.108783
2.149110
2.125038
2.118276
2.181911
2.269599
2.318075
2.392494
2.463318
2.508565
2.571363
2.628244
2.663539
2.657596
2.682731
2.733579
2.765491
2.805218
2.870482
2.895609
2.894075
2.859724
2.831634
2.867742
2.922436
2.874912
2.797378
2.744950
2.695067
2.621987
2.552853
2.464038
2.350492
2.225255
2.121297
1.978432
1.798200
1.636260
1.466936
1.300001
1.203257
1.042619
0.884600
0.735785
0.548484
0.379531
0.262035
0.155043
0.064623
-0.033907
-0.146035
-0.234703
-0.365158
-0.480555
-0.556693
-0.643027
-0.699466
-0.737344
-0.825812
-0.921575
-0.913442
-0.962242
-1.064959
-1.047468
-1.018773
-1.010013
-1.078119
-1.118484
-1.125563
-1.114629
-1.091539
-1.123808
-1.203617
-1.180427
-1.103553
-1.112643
-1.177845
-1.233883
-1.209971
-1.190557
-1.097406
-1.055656
-1.108532
-1.135174
-1.142784
-1.129399
-1.097841
-1.088925
-1.085865
-1.071498
-1.089508
-1.101932
-1.148561
-1.154246
-1.087541
-1.023282
-1.029333
-1.061602
-1.084371
-1.096541
-1.045398
-1.018521
-0.979241
-0.977197
-0.959471
-0.960076
-0.966569
-0.985020
-1.024825
-1.004359
-0.960272
-0.952157
-0.882656
-0.882319
-0.898311
-0.922823
-0.871897
-0.836694
-0.828018
-0.872115
-0.834878
-0.828706
-0.886719
-0.873552
-0.850310
-0.872963
-0.858112
-0.836103
-0.853977
-0.867819
-0.842149
-0.815701
-0.819161
-0.809875
-0.805494
-0.813168
-0.857764
-0.882364
-0.892625
-0.895156
-0.891545
-0.852431
-0.862487
-0.904182
-0.985373
-0.947310
-0.859444
-0.849812
-0.859111
-0.829669
-0.868534
-0.881573
-0.860152
-0.858748
-0.850354
-0.861143
-0.884093
-0.904777
-0.857870
-0.827923
-0.887226
-0.961234
-0.959017
-0.887514
-0.797530
-0.778162
-0.777846
-0.734985
-0.640278
-0.529519
-0.477020
-0.431518
-0.325331
-0.250480
-0.148255
-0.041018
0.057528
0.009239
-0.104841
-0.167992
-0.196718
-0.144653
-0.102389
-0.032706
0.051970
0.194752
0.394692
0.507705
0.508985
0.486650
0.496851
0.488553
0.437857
0.375516
0.293959
0.141434
-0.067444
-0.210949
-0.235817
-0.276963
-0.351012
-0.427605
-0.492498
-0.552808
-0.588990
-0.576681
-0.676105
-0.778249
-0.796034
-0.778464
-0.724925
-0.685709
-0.621808
-0.583536
-0.563471
-0.524554
-0.505447
-0.495561
-0.547289
-0.614888
-0.648354
-0.649115
-0.669391
-0.646190
-0.622110
-0.605187
-0.584792
-0.581389
-0.586654
-0.594225
-0.598473
-0.598147
-0.608126
-0.637575
-0.668469
-0.596366
-0.535036
-0.503673
-0.520116
-0.465861
-0.453359
-0.502697
-0.520170
-0.514768
-0.470807
-0.493582
-0.527130
-0.600620
-0.592336
-0.557345
-0.525849
-0.482036
-0.424564
-0.322646
-0.063138
0.299069
0.719666
1.230601
1.684786
2.222110
2.984182
3.902553
4.508733
0.034562
0.064658
0.039928
0.009727
-0.054921
-0.010443
0.062617
-0.006989
-0.072522
-0.034062
-0.048383
-0.027590
0.037320
-0.005167
-0.053218
-0.024194
0.004041
0.012008
0.022610
-0.001834
0.006317
0.018482
-0.007980
-0.015186
-0.009970
-0.001245
0.015385
0.020759
0.006243
-0.000645
0.006771
-0.007681
-0.010459
-0.002828
-0.002506
-0.000504
-0.007368
0.008609
0.004873
-0.004605
0.004956
0.009295
0.006944
-0.005234
-0.003752
-0.010538
0.002229
0.004986
-0.009476
0.001876
0.005518
0.007260
-0.002057
-0.004636
0.005913
-0.011139
0.004266
0.003264
-0.004483
0.002329
0.001201
-0.008555
0.010202
-0.004142
0.003588
-0.011382
-0.006280
0.005920
0.005043
0.002715
-0.003296
-0.002507
-0.014659
0.007056
0.009263
0.007375
0.000084
-0.005115
-0.002585
0.011631
0.001658
-0.004675
0.004121
-0.001046
-0.001889
0.001304
-0.005908
0.001857
0.011024
-0.019357
-0.002343
-0.000515
-0.001659
0.004902
0.005276
-0.006015
-0.001322
-0.004775
0.010081
-0.001161
0.001894
-0.001851
-0.003267
0.000956
0.003651
-0.002421
-0.003319
0.010259
0.003332
-0.003058
-0.011680
0.006122
0.011168
0.001099
-0.009342
-0.003502
-0.001146
0.005745
0.004246
0.004965
-0.001442
-0.002657
0.000966
0.007223
-0.002623
-0.002512
-0.000761
0.008754
-0.003112
-0.000005
0.006698
0.000484
-0.001889
-0.000074
-0.008002
0.003405
0.001403
-0.005294
-0.000290
-0.000000
0.005449
0.002268
-0.002182
0.004076
-0.001505
-0.000301
0.009724
0.000024
-0.002343
0.003100
-0.004465
0.000709
0.005432
-0.004541
0.004595
-0.002223
0.002578
-0.008549
0.003305
-0.004203
0.008499
-0.007066
0.004542
0.002475
-0.010285
-0.000000
0.003265
-0.008906
0.007498
-0.001851
-0.009829
-0.005719
0.014198
-0.006672
-0.008710
-0.005022
0.012588
0.000079
-0.004903
-0.000997
-0.012527
0.005659
0.007348
0.000008
-0.027693
0.009538
0.007613
0.003745
-0.008077
-0.006273
-0.006413
-0.000952
0.008000
0.006919
-0.006282
0.002512
-0.004615
-0.005017
0.009622
-0.004930
0.004592
-0.000335
0.002943
0.008440
-0.011302
-0.003071
0.004304
0.012703
-0.007903
0.008522
-0.012352
0.003075
-0.006385
-0.002375
0.003359
-0.001261
-0.001937
0.011989
0.000405
0.000140
-0.010939
0.007679
-0.017632
0.010614
0.003438
-0.000448
-0.006264
-0.006236
-0.000190
0.008192
-0.001073
-0.011207
0.007656
-0.003962
-0.006328
0.007006
0.001029
-0.003068
0.002342
0.004903
-0.010588
0.000000
0.000000
0.002900
-0.002822
0.000896
0.003873
0.002063
-0.003561
-0.002749
-0.000000
-0.009448
0.004516
0.003851
0.004644
-0.006661
-0.018040
0.005819
0.009785
-0.004539
0.013074
-0.001008
-0.006457
0.003656
0.007151
0.001437
-0.000698
0.004054
-0.007701
-0.001957
0.010697
0.004960
-0.002996
-0.012541
-0.008662
0.006567
0.005278
-0.001230
-0.008567
-0.008125
0.001615
0.007633
-0.006186
0.001307
-0.005135
-0.006615
0.005191
0.002755
0.021960
-0.007052
-0.002639
-0.007314
-0.005194
-0.002170
-0.001645
-0.004448
-0.006672
-0.001083
0.008553
0.007362
-0.001956
-0.003057
0.005014
-0.004999
0.003689
0.003376
0.009805
-0.006567
-0.017436
-0.003165
0.004902
0.000794
-0.000000
0.001570
-0.002093
-0.004314
-0.004314
0.020509
-0.020966
0.002901
-0.010959
0.007293
0.002431
0.002102
0.001867
-0.002704
0.003302
0.003448
0.002841
0.007044
-0.003751
-0.008426
-0.000091
-0.001569
-0.002911
0.007019
-0.007890
0.000601
0.004113
-0.003560
0.011483
0.003413
0.001525
-0.000285
0.001895
-0.015321
0.002288
0.003006
0.003417
-0.004914
-0.006358
0.008203
0.001046
-0.003368
-0.020310
0.015623
0.000512
0.003677
-0.000245
-0.018608
0.002684
-0.002604
0.001093
-0.009010
-0.019783
-0.014724
-0.005405
-0.010010
-0.004945
-0.006892
-0.012973
-0.029233
0.004753
0.070364
0.036792
