3.285248
3.285248
3.245219
3.144353
2.944247
2.636854
2.240286
1.784940
1.300740
0.804132
0.350331
-0.001223
-0.279058
-0.555023
-0.889482
-1.337919
-1.873405
-2.371096
-2.728800
-2.973853
-3.164694
-3.299534
-3.378332
-3.371966
-3.283793
-3.160413
-3.063340
-3.036491
-3.098127
-3.125355
-3.067783
-2.922743
-2.702317
-2.451995
-2.197866
-1.953125
-1.730342
-1.526538
-1.363169
-1.235780
-1.132489
-1.018944
-0.906740
-0.807256
-0.731071
-0.686910
-0.664247
-0.619301
-0.582997
-0.512935
-0.425588
-0.322230
-0.208089
-0.094259
0.005388
0.076980
0.109491
0.109491
0.091583
0.065547
0.031505
0.000944
-0.035631
-0.084614
-0.134004
-0.167382
-0.184748
-0.184748
-0.167951
-0.149799
-0.131647
-0.108307
-0.081079
-0.053850
-0.022667
0.022713
0.068093
0.095647
0.099345
0.099345
0.105048
0.118757
0.133346
0.137437
0.125516
0.098640
0.080488
0.045620
0.031180
0.022104
0.028471
0.038468
0.047490
0.078592
0.123105
0.159409
0.160222
0.160222
0.173687
0.203164
0.234876
0.262104
0.286880
0.300887
0.291499
0.273347
0.246878
0.226897
0.221099
0.221099
0.213026
0.194873
0.182411
0.191487
0.200563
0.200807
0.200807
0.194115
0.196282
0.205358
0.214434
0.218688
0.209612
0.201620
0.228848
0.264352
0.271830
0.265694
0.261684
0.265680
0.271830
0.269974
0.263255
0.281407
0.317142
0.361168
0.386594
0.404746
0.409366
0.407171
0.413877
0.412576
0.403730
0.403730
0.379022
0.366126
0.369242
0.398420
0.427978
0.442825
0.464608
0.465353
0.474429
0.466003
0.456927
0.447851
0.455396
0.469078
0.481554
0.499706
0.514079
0.505382
0.514458
0.515339
0.522464
0.537595
0.550762
0.555923
0.555923
0.559472
0.577625
0.595777
0.605218
0.614294
0.616800
0.633300
0.660528
0.681037
0.683245
0.667531
0.668127
0.704432
0.716271
0.739517
0.766745
0.793973
0.825075
0.858575
0.884069
0.901558
0.910634
0.911040
0.895841
0.897277
0.911812
0.925575
0.937970
0.960619
0.993388
1.002572
1.020724
1.038876
1.049985
1.059060
1.068137
1.081046
1.101962
1.127496
1.145649
1.163801
1.181953
1.192546
1.201622
1.216117
1.238617
1.265845
1.286449
1.287587
1.296595
1.296595
1.312742
1.330894
1.354980
1.401660
1.461400
1.504965
1.519811
1.519229
1.510153
1.501077
1.492001
1.502269
1.525799
1.553027
1.583492
1.615462
1.632517
1.641674
1.677978
1.698216
1.730294
1.748920
1.762819
1.780971
1.801805
1.827421
1.845573
1.863725
1.881877
1.885074
1.878667
1.880265
1.889341
1.901614
1.919766
1.937918
1.956070
1.956097
1.972082
1.990234
2.014238
2.036684
2.047413
2.047413
2.047413
2.046411
2.028259
2.018614
2.009538
2.000462
2.012572
2.035574
2.056882
2.071593
2.045381
2.027229
1.991033
1.970633
1.952481
1.934328
1.916176
1.898024
1.874670
1.841428
1.822815
1.795587
1.759893
1.730985
1.691104
1.645724
1.600344
1.558080
1.521775
1.484496
1.439116
1.375773
1.312241
1.248709
1.190947
1.136491
1.078405
1.014872
0.952830
0.899634
0.872406
0.836752
0.778381
0.714849
0.656532
0.606221
0.557766
0.499300
0.427626
0.364094
0.309502
0.247176
0.204044
0.173470
0.136922
0.095132
0.061347
0.034119
0.006133
-0.039247
-0.084628
-0.115378
-0.142606
-0.180183
-0.225564
-0.273978
-0.322542
-0.349770
-0.376998
-0.404226
-0.431454
-0.465442
-0.490367
-0.499280
-0.506379
-0.529489
-0.564384
-0.592289
-0.637669
-0.658016
-0.654345
-0.645269
-0.656729
-0.692085
-0.734471
-0.761158
-0.751228
-0.733076
-0.732643
-0.717064
-0.705631
-0.719151
-0.746379
-0.770098
-0.785812
-0.793520
-0.793520
-0.793520
-0.801824
-0.781965
-0.773227
-0.773227
-0.781274
-0.802379
-0.829607
-0.855210
-0.864286
-0.820450
-0.790567
-0.776695
-0.778836
-0.792450
-0.814070
-0.841298
-0.865871
-0.874432
-0.865356
-0.848017
-0.851444
-0.836028
-0.798694
-0.765262
-0.750023
-0.746473
-0.765398
-0.792626
-0.802298
-0.803666
-0.803666
-0.809234
-0.804817
-0.793520
-0.788806
-0.771941
-0.763298
-0.772374
-0.773227
-0.766075
-0.756999
-0.757947
-0.767023
-0.773227
-0.775029
-0.784105
-0.793181
-0.819732
-0.823958
-0.810764
-0.787085
-0.759857
-0.736016
-0.720180
-0.714843
-0.732995
-0.751147
-0.752935
-0.752935
-0.771060
-0.783374
-0.771670
-0.747273
-0.732643
-0.731261
-0.713109
-0.703654
-0.686951
-0.688468
-0.692058
-0.683226
-0.675111
-0.681912
-0.680706
-0.672036
-0.690189
-0.692058
-0.699129
-0.714206
-0.727427
-0.724921
-0.703979
-0.680191
-0.673066
-0.691218
-0.666090
-0.631276
-0.621035
-0.621035
-0.625410
-0.631181
-0.635651
-0.651473
-0.651283
-0.633131
-0.606879
-0.600742
-0.588821
-0.580450
-0.588090
-0.606242
-0.619355
-0.609060
-0.581832
-0.580450
-0.587995
-0.616497
-0.631181
-0.626846
-0.614505
-0.600742
-0.601867
-0.610943
-0.620019
-0.612975
-0.603898
-0.594822
-0.590596
-0.594375
-0.606161
-0.619395
-0.610319
-0.601243
-0.592167
-0.583091
-0.574015
-0.575668
-0.580450
-0.577226
-0.570304
-0.570304
-0.570304
-0.570304
-0.578323
-0.594348
-0.612500
-0.621035
-0.624773
-0.631181
-0.631181
-0.631181
-0.631181
-0.639715
-0.626399
-0.608247
-0.600742
-0.604996
-0.614072
-0.625261
-0.645499
-0.681803
-0.700010
-0.694225
-0.657515
-0.623812
-0.601352
-0.594294
-0.603370
-0.610888
-0.609425
-0.582197
-0.588943
-0.605443
-0.617242
-0.626318
-0.622755
-0.610888
-0.608816
-0.601745
-0.610821
-0.601880
-0.600742
-0.607610
-0.610888
-0.615616
-0.628350
-0.641327
-0.638293
-0.620141
-0.601988
-0.583836
-0.587833
-0.609534
-0.636762
-0.663990
-0.685014
-0.687994
-0.669842
-0.651690
-0.615603
-0.579298
-0.556649
-0.550011
-0.550011
-0.550011
-0.547465
-0.535435
-0.508207
-0.480979
-0.436927
-0.398889
-0.362584
-0.341886
-0.332810
-0.320672
-0.296546
-0.252087
-0.215783
-0.197333
-0.163467
-0.133950
-0.089572
-0.049055
-0.018251
0.018053
0.047178
0.036639
-0.008741
-0.054121
-0.084899
-0.105895
-0.124047
-0.138108
-0.138122
-0.118019
-0.092552
-0.083476
-0.065514
-0.039546
-0.012317
0.014911
0.051350
0.100266
0.159653
0.232261
0.303569
0.339873
0.367846
0.366031
0.356955
0.347879
0.342853
0.345834
0.353000
0.352160
0.343084
0.316316
0.304639
0.282152
0.254924
0.227696
0.193478
0.143248
0.077007
-0.004108
-0.067641
-0.131173
-0.158604
-0.164456
-0.169536
-0.182622
-0.203713
-0.230941
-0.258169
-0.285398
-0.312626
-0.332119
-0.356936
-0.378569
-0.396721
-0.411419
-0.418111
-0.416797
-0.408696
-0.435924
-0.496151
-0.545324
-0.554048
-0.555050
-0.564127
-0.564506
-0.544525
-0.518814
-0.509738
-0.491898
-0.481440
-0.452491
-0.432849
-0.419289
-0.407965
-0.405621
-0.395272
-0.377323
-0.368247
-0.359171
-0.357234
-0.351165
-0.352086
-0.369019
-0.396247
-0.421687
-0.439839
-0.457991
-0.458696
-0.458696
-0.458696
-0.469722
-0.474545
-0.465469
-0.454090
-0.438403
-0.438403
-0.438403
-0.422066
-0.418111
-0.412083
-0.407965
-0.411852
-0.418111
-0.416363
-0.409319
-0.427471
-0.419574
-0.425724
-0.421714
-0.423584
-0.428257
-0.431589
-0.440665
-0.452126
-0.478866
-0.469790
-0.436331
-0.414142
-0.390002
-0.372609
-0.359686
-0.352641
-0.367380
-0.366107
-0.347954
-0.321160
-0.316649
-0.323151
-0.343091
-0.361596
-0.364088
-0.363898
-0.384218
-0.356990
-0.329762
-0.334882
-0.343958
-0.353034
-0.362110
-0.378799
-0.406027
-0.429923
-0.436615
-0.409387
-0.399363
-0.390287
-0.381211
-0.366743
-0.348591
-0.333690
-0.318071
-0.283989
-0.265633
-0.202101
-0.114430
-0.002740
0.127061
0.263201
0.406873
0.569253
0.752399
0.940219
1.085435
1.256336
1.443762
1.653622
1.914253
2.221808
2.548545
2.860300
3.106383
3.224371
