3771321268574462976
3803929977989852160
3725170444319761408
3641489495820111360
3378173991074165760
3056383294626352640
2565032035159309824
2071541621775361280
1487281109995607552
927347511043261312
421632932356859200
-15244193557868032
-308675550328008128
-640542360156693248
-1045831615580003840
-1533182018273784320
-2156127287483702784
-2742741983766083072
-3129781585290147328
-3444915901787173376
-3632332265386836992
-3820400618388274176
-3878638876326175744
-3903908361228503552
-3763675658662598656
-3649668832136840192
-3551842637560583168
-3491028439364306944
-3569887826264989184
-3611328693336470016
-3520601176513873408
-3385990988123795968
-3095661752971661312
-2837044593598167040
-2536065875542493696
-2246444044209572352
-2003539395422578688
-1748121890657000960
-1591185573290386944
-1414092415168399104
-1302955838548317440
-1174149344834669056
-1048731399975076608
-922408066597463808
-861879511234853888
-783723321530747008
-760391857425066496
-722371814630636032
-658989527595911680
-602404553254900608
-481238422607555200
-377378108591113088
-236412668414064480
-105390493921853024
-5642054439708041
102485712476466128
107876711642279744
138982897929641488
99470062843757200
78879801189256208
37954557467730192
2478266887411964
-48755596364789352
-95767144406501984
-148648311698730752
-199956811283881280
-203333670415147200
-219554102076377248
-191279518360638912
-174927771759849024
-149436364328343488
-126394305950105984
-94090404607395328
-64268508385446320
-17742335453354616
24307742153556104
70929338800159536
116325962272271296
109149101115336624
116059440775825104
126291278229417024
135633336159899104
150343457462215680
163615456017290816
136781104354484480
120693542712319200
85317461509932416
55110007584245472
40435734335981648
21599515110260048
34870222553114696
39537961557559576
65246834905942256
85317806943143504
140523305858551632
186314640108393120
178500127101941952
185049573814136576
209664996390393088
229439994734885568
269805948513619776
304654971537612416
326509586501927360
351846584774296128
328765104092700736
318657995486867328
285922016218439104
259250090120059520
260261729471528256
253856124394394048
238236622646317376
225086497653225504
221683107074581696
215668550264387808
227605309068348544
234732452115380288
227697278334243936
224457345586046784
230967942817321312
234866335984372704
245157550014539648
253736264312469824
239229731193803776
230909372263499008
273615353397801632
302649303420413504
302940469574624064
310933802524497536
306229458902729984
304928054840451200
308238858289195648
310314425816670912
313551627021501696
316478177239659008
372578161145027584
414430947142732416
440753715824959616
471238487038276800
467506869822484352
472944401318326912
474055589076878336
476326943428663680
468271861749576576
462984683817425024
437211811133245824
416929003289985920
440895802118391104
453006785916461696
488000465783420608
516863599782672576
527821030153882304
543577255919409856
539877292298589952
541391655230868864
525954608840754368
515060757204242624
529580952177101632
537292494079116032
559420270630628992
577686264056087040
581720485986505472
589569214535030656
590831458776541056
593859699615778432
607481371950673408
618265701888449792
630852916676090880
642958248174040704
641660202751893120
643954836744910848
667970706778868352
686167640497515264
695627693290819584
707430111586386176
717094853068482560
727333758481865472
761388730612546560
789063605681250944
774205225576941568
770745131061335296
788614083380147584
800769448176241408
827984213223829376
851165370472317824
884243514313182848
914671396399692416
953575749224467840
990210578489323136
1015318537320807680
1043517003072546304
1043900398556318208
1051738844647229440
1038434765266225664
1030797885117554560
1051807266042674432
1065142934265361920
1087512083419310848
1107462789056313600
1135399017435667712
1161197673110064128
1178212848278456832
1197583798302572800
1208444013582550784
1221587006056077824
1232771860917494272
1244483784820850944
1273764768218131968
1298340557883638272
1320462472671990528
1343244418245079296
1358812997974849792
1376317005901893120
1387211438588459776
1399879589559601920
1432755987140001280
1460220325986000384
1473773677981779968
1491057306895500544
1491198049900480000
1495935137897591552
1514690530149787904
1529692663533117440
1574359122019501568
1611080018063709952
1680636856106988800
1741398415052786432
1741611536601602048
1758051925470182144
1738629124332578560
1728819300967737344
1728642995921677056
1725888823613148672
1762328192058413056
1788269068011964672
1827598792393800192
1863344455925057536
1877251729175340544
1897014206092043520
1931216900270013952
1961554046339474944
1989884180191387136
2018755906243442176
2033380816960885248
2051827089934437888
2080039983167947520
2105639926511783424
2127940932573350912
2151129995917936128
2162293440194103808
2176683349986333184
2168104805535393280
2165684926193307136
2180564479649895936
2190812932764984832
2215373121857443328
2236102788322166784
2246282411157483520
2259293291841392384
2276649647876668672
2292846069744523776
2323255572664644608
2349861177268890624
2354112499301683712
2364358237037136896
2359751493922609664
2359129120305356800
2340228000878284800
2326229329489519616
2315710254369582592
2304263442817267200
2328556867638767104
2343278271827857408
2368342151563373568
2390639363898554368
2356014004860765184
2336645720614559744
2300560505920251648
2268959243590055168
2251330870744225536
2229963006108005632
2210007287053523200
2189677629264052992
2156424677736286208
2126638885627421696
2099044310164074496
2070866856535137792
2031725172576520192
1995525498050978560
1945549240829976576
1899268429689851392
1846472327581332992
1795425838883912192
1756222666538081792
1713849724684709632
1649808417742684672
1591576615289468928
1512533198281403392
1439069509399928832
1375787025170843648
1309779474715871744
1239656134410687232
1170638336323252736
1102946749180263808
1034902251793895424
1005939180222190208
966506421826234624
891492475341550592
826014491556167808
761992644560721536
697582386206841856
638294949644670464
577636358073340672
495546083312953024
419199686648489216
353067801862360064
284199918004784384
243983383705604736
196090419896165408
154045197125518240
110433554416171104
76048633749643920
39191717875305520
-2180183133469652
-42342144089292480
-90076246529503648
-135781398604738448
-168424188246527296
-204567214664717312
-263977411851955648
-317153505176437824
-361944767219500544
-408983265353687296
-434160433769397888
-465196058341810624
-501908477205586816
-537100656827213376
-555645057551070976
-578651220307436672
-591320686109296512
-606760966181037952
-650369885563945984
-686432188068706816
-726554109880405248
-765589541284700032
-746772334449138304
-743458171813199232
-771843413827464704
-791736277649824128
-841649343152023808
-883520022262345984
-858453438958979840
-851324351404880640
-837955622259929728
-826260499682514560
-825662927413385088
-822093422133687552
-861321690466030208
-889083929362245376
-901397638527188608
-917852480721447680
-915770837864049024
-918657824538105856
-911511402476727040
-907055239749149056
-895829079858984576
-886418740036978304
-907830385305399552
-920985051211211264
-959459682233954432
-991151619455074944
-975740152901457664
-954583855432195712
-919521900075035904
-888187887378323200
-904717871260025216
-908424517027533056
-943372237503247744
-969950701140837888
-991424568191043584
-1014268074279680256
-992591327046672768
-982845735624720384
-975601771959420800
-967689457352833408
-918717003230544640
-880748536473550336
-871397867864637568
-854380876793082240
-890050683867476352
-911604788528384512
-918549639130218496
-929410795645259392
-929672002191422080
-932775278234064896
-924185708284841472
-918731071191579392
-903154854083329536
-890292538412064128
-890034646592507904
-886401183868534784
-886026842689380736
-884780977660600832
-877236493726634624
-871381473773966464
-883552028181661824
-890894363685574912
-895124106943536128
-900189613722180352
-924298453558409600
-943306401455538176
-939513726788454912
-941832302159238656
-903840227876633984
-876651243953457920
-850821951046698624
-824630113800650112
-837585423011153664
-840052937702811776
-857116934871770240
-870271459720520576
-878134471472653184
-887417036203409280
-890794799918953728
-895756488560956160
-865461946504062080
-844616067473368192
-837279973996082688
-826325643593324416
-808463375622760448
-792453742260369920
-797174901775785216
-796342843512839168
-786776217080356864
-779551591578391424
-782531672092110336
-782778956087331584
-786303804049119104
-788951974236921088
-798255623540012928
-805777490439413888
-825187592528605696
-841413819267170816
-824078404561192064
-815737458283881216
-794240745110652672
-776270745817151104
-778328945115011840
-775022158629627136
-737532988675870080
-709204522394871424
-719384842424627328
-719248192778370304
-728202600776430080
-734722481169581056
-745983652832050304
-755975833833588736
-723961277864690944
-703203896557278080
-691199897614263808
-676851860165807104
-677271924201023488
-673736241559981184
-699583860994901504
-717559564488848384
-690245034531286272
-675067400216886016
-677185799556439424
-674671091123098752
-707893635091238016
-731541722496243968
-715553734813949440
-710187627928303872
-699209764905169920
-689736984420876800
-705817356910034176
-715052144905358592
-703401259293649792
-697348081888591872
-687308344705874816
-678338194838205696
-691573572261153792
-698860337707783936
-703900100689689088
-709543313396479488
-693183575975684224
-682720917124807040
-671823429257157376
-661043822571515648
-666915140371863936
-668326170970363904
-662638811172009728
-658854781393089408
-657800059027522048
-656015327440510976
-660941106787176704
-664070104211225856
-687755672135441152
-705934413850175872
-712977621184692480
-723005952079810048
-725048324020845696
-729231940857658752
-729109672873954816
-730142598068540416
-727752428725040896
-726280916998025856
-705039746434156032
-689097291327432960
-700531565740515072
-704631639990545536
-726346901034884736
-743343557561508864
-782330128029687808
-815425937187041280
-782117250549509632
-766603187757085184
-723356154655206528
-687541712996374912
-695286700379201408
-691361370799563392
-697975317103108352
-701766638262171264
-683984385784312576
-671984148782750976
-698016993158927872
-713860227216758528
-715320703280463744
-720636416459710720
-706762358499267840
-698031610588476544
-700445206343847296
-699874071753706496
-695407959623337088
-691986889518122880
-699246496258410752
-703645589717770240
-714813745879926144
-724169513019422336
-732261786153394688
-740694023894660736
-711488176902734976
-692368897479307008
-682691509990813440
-670485573285902080
-707973486536496000
-732147284962028160
-764507125115752704
-794674914069467904
-782397762838451456
-781495239360188032
-742011152109193216
-712866536555707136
-673428666818185728
-636750338868673536
-639390994422867456
-631497461449186304
-634209752694525440
-634081476800872576
-610261974508953344
-592791786657910272
-546451923094984448
-507848891740260352
-460304924818474496
-415157759867829568
-402450128520179712
-381051235822102976
-363547144249180928
-345000235735972928
-292661977173691392
-249378825870367968
-223542690023154848
-193032205760970112
-147279148630101888
-105610779024640064
-61150761537949376
-17439056687216904
21139726093090104
61093753158205456
21900611475835288
-763160033219864
-55989132823634816
-102490024289494096
-120633186136211232
-146374909792980320
-152948014631318944
-164657587466513728
-131380000219291616
-110157020725979328
-94392348584217376
-77165382876847712
-44669788210093688
-16265607771408304
20485936835131052
55000717712713936
121871077094332720
180071802405724000
270098506676719776
351597683229137664
384694587906284288
430761410582600576
414611762999615552
415133772989240832
402505930607722880
393402408762826752
402414744605446016
406573732715370624
400429980051942144
397047640528765120
370057531095708928
349393912315073792
322244007691522112
296832833538884096
260721424817709504
227477779357721344
154716779910207616
92544966949318896
-1004239836599520
-86145571093047248
-134887978633551232
-193383476686923968
-185819705912809408
-195956776985912192
-215157292277148928
-231929625382904384
-267021637185439744
-297205317488130176
-328805708099559552
-360027018573598976
-384732629432120704
-411184770722189568
-435083776339863936
-459667654151002432
-470815929729091712
-485565132919852928
-473388030994177984
-468426760194973760
-524856883377978944
-566054210505992896
-608992901680090624
-649158824542120192
-644359726629463168
-651610204273919872
-639171787411132416
-632010280540153472
-604820203707503360
-582998042631654016
-569148861332923776
-553164515075982272
-523433686886780288
-497387351228804864
-485609765166900224
-470009902447929152
-464546898549463552
-456368683089236032
-437691828359854656
-421829000444353600
-416995547910473024
-409207639457418176
-406553094453099456
-402523888560567104
-432801784303361792
-453887897859303040
-483809577389266880
-511364622389150848
-519912741319951872
-533554719829499648
-528984615250696576
-529295463431736832
-540471884083769728
-548737920062498624
-532792517756830016
-523335635524940928
-513388293684279744
-503573422524432192
-497743032538907904
-490846014913767552
-482013627086408512
-473700804401218816
-474848343160216448
-473461930671140096
-476900955134777216
-479047941826843520
-482476809769102208
-485563139443606464
-486798249852218112
-488530347021530496
-487714956150551872
-487583125732722432
-493187460315491584
-497255753030168128
-512163845473681664
-524168388361697216
-536975994878206464
-549569431899478336
-504811399459028864
-475421748739142336
-452029174244977856
-427030680501241216
-418716843426195328
-405933246600623936
-419767959686914048
-426471125697031680
-393806701336810304
-371691648373332864
-372824686397040704
-367729178031868608
-397066312062851200
-417177958669482624
-419498957880442048
-426587743458118976
-421352357155385216
-418679384504960448
-395179261545381760
-377260603607307008
-396500130231599424
-405783904780821312
-421065345632227584
-434740495248024576
-470655163238231424
-500611585611654912
-485033996586882880
-481658171435103808
-463409784364272128
-449147456765787328
-436829797360936064
-423991979342793344
-404295212930395904
-386437163738788544
-360971783007070080
-337545584452859136
-289369917979211008
-247826582127550784
-118533982081845536
-12754361351837056
150210673555737152
297852647511851712
478007734203693568
649451231700112384
871195522799472128
1079462664399281920
1256128875516970240
1441264273575663872
1674067775006641408
1894101097274620928
2226976299652315392
2551657702589958656
2936663880857948672
3305510417168151040
3565103814797304832
3733743860324637696
