3444832
3444832
3402858
3297093
3087266
2764941
2349110
1871645
1363924
843193
367348
-1282
-292613
-581983
-932689
-1402909
-1964407
-2486274
-2861354
-3118310
-3318422
-3459812
-3542437
-3535762
-3443306
-3313933
-3212144
-3183991
-3248621
-3277172
-3216803
-3064718
-2833584
-2571103
-2304629
-2048000
-1814395
-1600691
-1429386
-1295809
-1187500
-1068440
-950785
-846469
-766583
-720277
-696513
-649384
-611316
-537851
-446261
-337882
-218197
-98837
5649
80719
114809
114809
96031
68731
33035
989
-37361
-88724
-140513
-175512
-193722
-193722
-176109
-157075
-138041
-113568
-85017
-56465
-23768
23816
71400
100293
104170
104170
110150
124525
139823
144113
131613
103431
84397
47836
32694
23177
29854
40336
49796
82409
129084
167152
168004
168004
182124
213032
246285
274835
300815
315502
305658
286625
258870
237918
231839
231839
223373
204339
191271
200788
210305
210561
210561
203544
205816
215333
224850
229310
219794
211413
239964
277193
285034
278600
274395
278585
285034
283088
276042
295076
332547
378712
405373
424406
429251
426949
433981
432617
423341
423341
397433
383910
387178
417773
448767
464335
487176
487957
497474
488639
479122
469605
477517
491863
504945
523979
539050
529931
539448
540372
547843
563709
577515
582927
582927
586648
605683
624717
634617
644133
646761
664063
692613
714119
716434
699956
700581
738650
751064
775439
803990
832541
865153
900281
927013
945352
954868
955294
939357
940863
956104
970535
983532
1007282
1041642
1051272
1070306
1089340
1100989
1110504
1120022
1133558
1155490
1182265
1201300
1220333
1239367
1250475
1259991
1275191
1298784
1327334
1348939
1350132
1359578
1359578
1376509
1395543
1420799
1469747
1532388
1578070
1593637
1593027
1583510
1573993
1564476
1575243
1599916
1628466
1660411
1693934
1711818
1721419
1759487
1780708
1814344
1833875
1848449
1867483
1889329
1916189
1935223
1954257
1973291
1976643
1969925
1971600
1981117
1993986
2013020
2032054
2051088
2051116
2067877
2086911
2112081
2135617
2146868
2146868
2146868
2145817
2126783
2116670
2107153
2097636
2110334
2134454
2156797
2172222
2144737
2125703
2087749
2066358
2047324
2028289
2009256
1990222
1965733
1930877
1911360
1882809
1845381
1815069
1773251
1725666
1678082
1633765
1595696
1556606
1509022
1442602
1375984
1309366
1248798
1191697
1130789
1064170
999114
943334
914783
877398
816191
749573
688423
635668
584860
523553
448398
381780
324536
259182
213955
181896
143573
99753
64326
35776
6430
-41153
-88738
-120982
-149533
-188935
-236520
-287286
-338209
-366760
-395311
-423861
-452412
-488051
-514187
-523533
-530976
-555209
-591799
-621060
-668644
-689979
-686130
-676613
-688630
-725703
-770148
-798132
-787719
-768685
-768231
-751896
-739907
-754084
-782635
-807506
-823983
-832066
-832066
-832066
-840773
-819949
-810787
-810787
-819225
-841355
-869905
-896752
-906269
-860304
-828969
-814423
-816668
-830944
-853614
-882164
-907931
-916908
-907391
-889210
-892803
-876638
-837491
-802435
-786456
-782733
-802577
-831128
-841270
-842704
-842704
-848543
-843911
-832066
-827123
-809438
-800375
-809892
-810787
-803287
-793770
-794765
-804281
-810787
-812676
-822193
-831710
-859551
-863982
-850147
-825318
-796767
-771768
-755163
-749567
-768600
-787634
-789509
-789509
-808515
-821427
-809154
-783572
-768231
-766782
-747748
-737834
-720320
-721911
-725675
-716414
-707905
-715036
-713771
-704680
-723715
-725675
-733089
-748899
-762762
-760134
-738175
-713231
-705760
-724794
-698445
-661940
-651202
-651202
-655789
-661841
-666528
-683118
-682919
-663885
-636358
-629923
-617423
-608645
-616657
-635690
-649440
-638645
-610095
-608645
-616557
-646443
-661841
-657295
-644355
-629923
-631103
-640620
-650137
-642750
-633232
-623716
-619284
-623247
-635605
-649482
-639965
-630448
-620932
-611415
-601898
-603631
-608645
-605265
-598007
-598007
-598007
-598007
-606415
-623219
-642252
-651202
-655121
-661841
-661841
-661841
-661841
-670789
-656826
-637793
-629923
-634384
-643901
-655633
-676854
-714922
-734013
-727947
-689454
-654114
-630563
-623162
-632679
-640562
-639028
-610477
-617551
-634852
-647225
-656742
-653005
-640562
-638389
-630975
-640492
-631116
-629923
-637125
-640562
-645520
-658872
-672480
-669298
-650264
-631230
-612196
-616387
-639142
-667693
-696243
-718289
-721413
-702380
-683346
-645506
-607437
-583688
-576728
-576728
-576728
-574058
-561444
-532893
-504343
-458151
-418265
-380196
-358493
-348976
-336248
-310951
-264332
-226264
-206918
-171407
-140456
-93923
-51437
-19137
18929
49469
38418
-9165
-56749
-89023
-111038
-130072
-144816
-144831
-123751
-97047
-87530
-68696
-41466
-12915
15635
53844
105136
167408
243543
318315
356382
385714
383811
374294
364777
359507
362633
370147
369266
359749
331681
319437
295857
267307
238756
202876
150206
80747
-4307
-70926
-137544
-166308
-172444
-177771
-191493
-213608
-242159
-270709
-299261
-327812
-348252
-374274
-396958
-415992
-431404
-438421
-437043
-428548
-457099
-520252
-571813
-580961
-582012
-591530
-591927
-570975
-544015
-534499
-515792
-504826
-474471
-453875
-439656
-427782
-425324
-414472
-395651
-386134
-376618
-374586
-368223
-369188
-386944
-415495
-442170
-461204
-480238
-480977
-480977
-480977
-492539
-497596
-488079
-476147
-459698
-459698
-459698
-442568
-438421
-432100
-427782
-431858
-438421
-436588
-429202
-448235
-439955
-446403
-442199
-444160
-449060
-452553
-462070
-474088
-502127
-492610
-457526
-434259
-408946
-390708
-377158
-369770
-385225
-383891
-364856
-336760
-332030
-338848
-359756
-379160
-381773
-381574
-402881
-374331
-345780
-351149
-360666
-370182
-379699
-397199
-425750
-450806
-457824
-429273
-418762
-409245
-399728
-384557
-365524
-349899
-333521
-297784
-278536
-211918
-119988
-2873
133233
275986
426637
596905
788947
985891
1138161
1317363
1513894
1733948
2007239
2329734
2672343
2999241
3257278
3380998
