5118554628699
4965745228135
4286871311803
3037504092789
1516841352580
195108027086
-687515433353
-1827218381984
-3425023941785
-4494733944984
-5068096606263
-5254964725202
-4973487443107
-4738372094273
-4859929329366
-4634374678888
-3953991004981
-3172753638067
-2483012688446
-1994610157328
-1647161796880
-1306412456963
-1095590218182
-993031897950
-840396758419
-560241403095
-206820328467
85068121201
172090441473
116549750493
20855595144
-105953536366
-244352934391
-288105310960
-243997288868
-181842920895
-101400767869
12025497301
134478438270
153118044185
178316923178
214116366537
170721157236
89239029830
38429921066
51020589063
105159945022
228677328676
246343206896
299683675762
393684715180
462027740068
434763552044
362817454614
345537979705
310065865370
293841347393
313065329476
304325081764
314839797018
337979194629
315534924561
393850327776
415410503052
411898971729
417496502064
425389460283
538282129574
620510380905
635175919119
641300963089
627037585366
572324993942
604991650196
682845513032
725344556587
729427446659
700040374598
720839620031
770108415090
791277519148
799443769682
828531293639
861182012272
867369241179
916451359151
948284761747
975900654651
1050548304183
1041212202243
1073997307142
1136523325617
1218596510368
1317412109632
1393471172877
1414610859546
1394007302860
1429975209744
1483786439198
1553371799552
1605618861817
1641066473819
1672653822021
1738940110885
1800387501102
1847598002467
1881764123017
1955841428101
2002457059205
2015229491588
2055690850361
2154736348405
2318628927606
2362969022176
2336501604551
2329066190324
2399032895979
2495446873106
2548747499901
2630572123740
2708443698996
2758193419221
2827239334815
2889781950015
2928589536218
2922054247632
2949690570481
3005598871668
3040686348666
3084366418317
3156124127461
3183752494457
3182065114337
3144296477432
3113411335943
3153112492799
3213248547693
3160995818610
3075745962716
3018099931048
2963254516796
2882902248514
2806888533486
2709235863424
2584390571940
2446690665842
2332387179600
2175306268740
1977139250455
1799084974413
1612911328651
1429363568985
1322993685595
1146369628596
972626133454
809002862968
603063706480
417297665913
288109931793
170470993115
71052589963
-37280582448
-160565681172
-258057544059
-401494184139
-528374871653
-612089023030
-707014851288
-769069829052
-810716407267
-907988771536
-1013280599257
-1004338234885
-1057994589788
-1170933817618
-1151700639328
-1120151077850
-1110519663276
-1185402605108
-1229784742885
-1237568791226
-1225545387761
-1200158606201
-1235638799840
-1323388274674
-1297891403441
-1213367452965
-1223362496218
-1295052015123
-1356666656184
-1330375212376
-1309028925265
-1206609150644
-1160704218765
-1218841187361
-1248134812249
-1256502230613
-1241785488656
-1207087294414
-1197283126357
-1193919297146
-1178122730206
-1197924787734
-1211585267963
-1262854089257
-1269104814229
-1195761753087
-1125108595891
-1131761441740
-1167241439386
-1192277105764
-1205657561908
-1149424579988
-1119873239440
-1076685790898
-1074438490462
-1054947868143
-1055612047033
-1062752380960
-1083039018154
-1126804764106
-1104302833893
-1055827531052
-1046904948362
-970488843827
-970117626907
-987701752896
-1014652024389
-958658271683
-919953251259
-910413609975
-958898864840
-917956086965
-911170429623
-974956385959
-960479205063
-934924710884
-959832130820
-943501684866
-919303033650
-938955894498
-954175378784
-925950801059
-896871363531
-900675062013
-890465580497
-885649038803
-894086815860
-943119790604
-970167693172
-981449975469
-984233543282
-980261628745
-937255763598
-948312786675
-994157055406
-1083427097783
-1041576500930
-944967720789
-934376977338
-944601176768
-912229157458
-954962278673
-969298321683
-945745364361
-944202233336
-934971682803
-946835287255
-972069004530
-994811523074
-943236444283
-910309573725
-975513586694
-1056885629842
-1054448309755
-975830701645
-876891849659
-855597447402
-855249127773
-808122689450
-703992589734
-582210607458
-524487606682
-474457711366
-357704343629
-275404317015
-163007202670
-45098693557
63250879950
10158880830
-115272775415
-184708258625
-216293193434
-159045688433
-112577196111
-35959380263
57140978861
214131616636
433967135551
558226735497
559633300875
535075927179
546292949500
537167944264
481428394815
412882927177
323210315409
155507029241
-74153844565
-231939557231
-259282694185
-304523730913
-385940449358
-470155854585
-541506662954
-607817819963
-647600720515
-634066345318
-743384766985
-855692395071
-875247544688
-855927716031
-797062251677
-753943883392
-683684394329
-641603438792
-619541767903
-576751662361
-555742981567
-544873091768
-601749361052
-676074789873
-712870875496
-713707435310
-736002337681
-710491332995
-684014756832
-665408878005
-642984053015
-639242605877
-645032169220
-653355503216
-658025904384
-657668529702
-668640579340
-701019861797
-734987541522
-655709836614
-588277064106
-553792969064
-571872613161
-512217867658
-498471848126
-552719712821
-571930941345
-565992496938
-517657134446
-542697816382
-579583737607
-660386707959
-651278966849
-612805969529
-578175551933
-530003642773
-466812322589
-354751958321
-69420769921
328829272231
791280533313
1353058742937
1852439810407
2443233363641
3281139614335
4290896984247
4957398723846
38004378329
71095774664
43904352624
10696530516
-60385628677
-11481893259
68847395665
-7684923114
-79741083611
-37454536184
-53201067762
-30339298904
41030559186
-5684165593
-58516428809
-26604691688
4441066723
13200284198
24857887253
-2017216531
6944641777
20319786835
-8774480746
-16697009988
-10962437063
-1370037762
16915063075
22824787799
6863951103
-709044303
7445543118
-8445073035
-11500303487
-3109834453
-2754610806
-554012752
-8101664138
9465528525
5358044507
-5062778995
5449567126
10220201149
7634860526
-5755017602
-4124367845
-11586500553
2450675405
5481663816
-10417688840
2063682373
6068019944
7982580338
-2261349499
-5096493155
6500912439
-12246902418
4690174674
3588518672
-4929304218
2561186927
1321922041
-9406043672
11217262337
-4553602435
3945158216
-12515177206
-6904392672
6509941975
5545065402
2985770295
-3623519015
-2756013546
-16117095424
7758325672
10185223139
8108921816
93042146
-5622892044
-2842232435
12788640563
1823401233
-5139283349
4530996265
-1149435716
-2076959194
1434519379
-6495942437
2041581765
12122041988
-21282595066
-2575344042
-565915432
-1824417734
5390577008
5801557891
-6612187873
-1452642573
-5250022351
11085089762
-1275043542
2083891948
-2034113713
-3590790183
1052455376
4014974302
-2661240933
-3647975348
11280813780
3665121509
-3361116967
-12841097719
6731763128
12280422299
1210237909
-10270700622
-3848826071
-1258223498
6318511864
4670562067
5460190062
-1584187164
-2918933625
1063846225
7943660709
-2881976228
-2759688003
-834584723
9627088558
-3419649559
-3067597
7366902614
534397441
-2075431547
-78748033
-8796742993
3746676440
1545091384
-5818371092
-317241300
2282355
5992318177
2495550171
-2397221316
4483704998
-1652846386
-329092643
10693181148
28376830
-2575353357
3410025223
-4908541807
779873512
5973719748
-4992590622
5053423388
-2443630083
2835524624
-9399406920
3634020930
-4621423926
9343714593
-7768757421
4993981907
2721182398
-11308627604
-844632
3589266609
-9792813670
8244098495
-2035309671
-10807331318
-6288442272
15610326222
-7336566721
-9576962143
-5522059702
13840030803
86117757
-5390729521
-1097654751
-13774504607
6221493505
8078135777
7910726
-30449842471
10486661958
8370417680
4115982796
-8881337752
-6898118627
-7052168321
-1047681782
8794555389
7606586237
-6908761725
2761574563
-5074544619
-5517111985
10578483129
-5422192372
5049008957
-368861384
3235681931
9278882376
-12427797588
-3377612212
4732081536
13965797563
-8690326128
9369857904
-13581984188
3379478452
-7021143195
-2612034062
3692191425
-1387332215
-2130358482
13180981366
444317162
152572360
-12028174648
8442916385
-19387085760
11670148071
3779404009
-493123957
-6887808100
-6857567817
-210019348
9007272759
-1180535738
-12322834375
8417855081
-4355881165
-6957882129
7703160149
1130667629
-3373633217
2574283174
5389965289
-11641760685
-143059
-766144
3187542448
-3103544249
984276303
4257406577
2267522476
-3916660100
-3023729266
-661841
-10389111386
4964550440
4233104271
5105380103
-7324974392
-19836197815
6397342288
10758500600
-4991335817
14374579981
-1108500029
-7100313070
4018938092
7862424515
1579723906
-768145791
4456671153
-8468749514
-2151725472
11761023911
5453676056
-3294550030
-13789150366
-9524648047
7220219630
5802296787
-1352726138
-9420801103
-8934740314
1775365224
8391653149
-6801309036
1436776713
-5646091615
-7272516344
5707445934
3028864925
24144396301
-7753162016
-2901808976
-8041351245
-5710774888
-2386259690
-1808375929
-4891445527
-7335819673
-1190793963
9404570128
8094725664
-2150394670
-3361122963
5512999581
-5495971790
4055503847
3712005720
10780910343
-7219578679
-19170276245
-3480362839
5389403715
872641540
-477190
1725923669
-2301745450
-4743308955
-4743811815
22549805619
-23052363830
3188581216
-12049889855
8018189317
2672494492
2310656521
2052420856
-2973640782
3629972844
3789809777
3122991750
7744939598
-4124530783
-9265450955
-100759582
-1725845440
-3201137588
7716725016
-8675485688
660317868
4522275329
-3914879338
12625230928
3751903894
1676224048
-314168816
2083547567
-16845698642
2514558832
3304851183
3756312428
-5403009177
-6991038924
9018480684
1149964418
-3702892768
-22330835108
17177329583
562014805
4042549839
-270751588
-20461069885
2950882478
-2863734404
1201431904
-9906387469
-21752099687
-16189278943
-5943316405
-11006093766
-5436703613
-7576112185
-14262926052
-32140571350
5229029648
77368052690
40456553716
