40000
40008
40011
40030
40032
40034
40036
40047
40050
40053
40059
40061
40068
40074
40078
40081
40082
40083
40088
40091
40093
40100
40105
40107
40115
40119
40122
40129
40131
40136
40139
40141
40142
40150
40164
40165
40166
40167
40170
40171
40184
40187
40192
40195
40199
40204
40211
40218
40229
40230
40236
40239
40241
40245
40246
40249
40269
40270
40271
40277
40283
40312
40316
40318
40326
40328
40329
40338
40341
40342
40349
40353
40355
40367
40372
40375
40376
40379
40397
40399
40402
40409
40414
40420
40421
40429
40432
40434
40437
40446
40462
40473
40475
40476
40477
40481
40493
40497
40499
40501
40504
40524
40526
40529
40537
40544
40545
40547
40553
40556
40557
40559
40560
40570
40588
40607
40612
40621
40623
40631
40632
40637
40639
40658
40660
40662
40665
40666
40670
40678
40680
40684
40690
40692
40695
40699
40702
40705
40706
40715
40716
40725
40730
40740
40747
40756
40757
40762
40764
40765
40768
40774
40786
40795
40802
40805
40808
40815
40823
40832
40834
40838
40842
40843
40847
40848
40858
40865
40869
40874
40877
40887
40891
40895
40899
40905
40906
40908
40912
40917
40922
40925
40933
40934
40941
40947
40963
40970
40972
40977
40979
40986
40989
40995
41002
41003
41007
41008
41011
41020
41028
41029
41031
41033
41038
41046
41047
41062
41064
41065
41073
41075
41079
41080
41086
41089
41092
41096
41097
41100
41104
41106
41113
41115
41119
41132
41138
41144
41159
41162
41167
41168
41172
41174
41180
41182
41185
41201
41204
41215
41217
41228
41236
41239
41241
41247
41248
41253
41265
41270
41273
41281
41284
41285
41286
41288
41294
41307
41308
41309
41313
41315
41316
41327
41331
41333
41343
41347
41351
41352
41353
41358
41359
41361
41364
41371
41372
41375
41384
41402
41405
41409
41416
41418
41422
41423
41430
41440
41444
41446
41453
41462
41463
41465
41466
41468
41474
41478
41485
41489
41493
41496
41499
41508
41513
41516
41520
41525
41528
41536
41537
41539
41540
41555
41556
41570
41603
41606
41616
41619
41633
41637
41640
41648
41654
41658
41662
41664
41669
41670
41671
41672
41674
41677
41678
41682
41686
41689
41693
41694
41703
41706
41708
41716
41718
41719
41720
41729
41735
41736
41741
41748
41749
41752
41753
41754
41763
41770
41774
41776
41780
41802
41803
41813
41818
41825
41826
41827
41835
41838
41839
41842
41845
41847
41849
41854
41857
41860
41871
41875
41883
41884
41897
41898
41899
41900
41903
41908
41909
41910
41913
41921
41931
41942
41946
41947
41948
41955
41956
41960
41974
41980
41983
41986
41991
41996
42007
42015
42016
42023
42029
42030
42031
42036
42038
42039
42042
42049
42050
42054
42062
42065
42074
42079
42080
42081
42083
42094
42098
42103
42106
42108
42109
42117
42123
42128
42131
42135
42140
42141
42142
42143
42144
42152
42162
42163
42167
42170
42176
42178
42183
42185
42186
42192
42194
42196
42204
42210
42213
42219
42220
42236
42238
42239
42246
42247
42250
42255
42262
42264
42272
42273
42275
42276
42277
42279
42295
42296
42298
42299
42310
42312
42317
42318
42321
42323
42331
42334
42336
42339
42352
42356
42365
42372
42375
42376
42380
42383
42384
42387
42388
42398
42405
42420
42429
42443
42462
42466
42470
42474
42476
42479
42482
42483
42485
42487
42488
42503
42506
42509
42513
42514
42517
42531
42534
42541
42543
42555
42558
42561
42566
42571
42584
42585
42586
42588
42595
42596
42613
42614
42617
42626
42637
42639
42651
42653
42655
42656
42660
42661
42667
42675
42690
42693
42694
42695
42696
42698
42707
42710
42719
42721
42723
42726
42727
42729
42736
42738
42748
42750
42751
42754
42756
42757
42758
42760
42765
42768
42769
42772
42776
42783
42791
42803
42815
42820
42827
42833
42853
42855
42870
42872
42875
42887
42889
42898
42900
42901
42904
42916
42924
42927
42935
42945
42946
42955
42956
42959
42967
42971
42984
42991
42993
42995
42996
42997
43007
43015
43021
43026
43027
43028
43030
43034
43036
43043
43047
43055
43058
43066
43067
43070
43074
43081
43090
43102
43107
43109
43116
43117
43121
43138
43148
43149
43152
43153
43159
43170
43179
43184
43189
43193
43198
43201
43202
43213
43216
43221
43224
43226
43233
43238
43241
43242
43243
43246
43255
43259
43261
43263
43276
43279
43280
43284
43286
43288
43293
43294
43302
43309
43311
43314
43315
43320
43321
43322
43333
43335
43338
43339
43340
43347
43350
43360
43363
43371
43383
43386
43392
43393
43402
43403
43405
43407
43408
43410
43412
43419
43421
43429
43431
43434
43445
43448
43453
43454
43460
43461
43469
43470
43476
43478
43481
43484
43491
43495
43512
43519
43520
43534
43542
43547
43549
43560
43567
43568
43570
43575
43576
43583
43584
43585
43602
43620
43627
43631
43637
43639
43641
43649
43651
43652
43653
43655
43657
43663
43664
43665
43670
43677
43682
43686
43688
43690
43700
43703
43704
43710
43711
43715
43722
43723
43726
43727
43733
43737
43740
43744
43745
43747
43757
43760
43762
43770
43780
43782
43783
43785
43787
43788
43790
43800
43811
43816
43819
43824
43828
43830
43847
43852
43854
43856
43864
43870
43875
43878
43882
43890
43902
43919
43937
43938
43952
43955
43963
43972
43975
43979
43982
43983
43986
43988
43992
43994
44001
44019
44022
44032
44035
44039
44044
44047
44049
44062
44064
44067
44070
44072
44074
44075
44077
44089
44094
44099
44103
44107
44113
44117
44118
44120
44121
44124
44130
44131
44133
44139
44142
44148
44155
44157
44159
44162
44166
44167
44170
44171
44179
44183
44185
44186
44196
44197
44200
44201
44211
44213
44218
44219
44220
44222
44232
44235
44244
44247
44250
44251
44258
44260
44267
44268
44269
44272
44274
44277
44279
44281
44290
44291
44292
44300
44301
44309
44313
44323
44327
44328
44331
44337
44342
44351
44364
44369
44375
44377
44378
44382
44383
44391
44400
44404
44405
44408
44412
44417
44420
44421
44428
44429
44433
44440
44442
44443
44445
44450
44455
44456
44466
44467
44468
44469
44476
44481
44495
44497
44498
44508
44510
44513
44517
44523
44526
44529
44536
44539
44541
44542
44543
44545
44551
44556
44557
44560
44567
44578
44589
44593
44597
44606
44611
44614
44617
44623
44624
44630
44631
44634
44635
44641
44644
44648
44652
44653
44659
44662
44663
44666
44669
44675
44676
44679
44682
44685
44697
44705
44706
44708
44712
44718
44720
44724
44726
44736
44739
44741
44747
44758
44760
44761
44764
44769
44770
44775
44782
44783
44793
44802
44804
44810
44811
44815
44818
44820
44821
44826
44831
44835
44839
44843
44852
44865
44872
44873
44876
44879
44880
44885
44886
44887
44890
44891
44893
44897
44899
44901
44915
44917
44928
44939
44940
44949
44950
44952
44958
44964
44966
44971
44975
44976
44978
44979
44982
44984
44986
44990
44994
44995
44996
44997
45000
45009
45017
45019
45021
45022
45028
45035
45044
45048
45062
45064
45091
45094
45100
45106
45111
45113
45114
45116
45120
45129
45137
45141
45152
45153
45155
45185
45191
45199
45201
45207
45210
45225
45226
45235
45239
45243
45250
45251
45262
45266
45272
45280
45281
45299
45300
45308
45320
45323
45330
45332
45335
45342
45343
45345
45347
45353
45354
45365
45368
45373
45376
45377
45387
45406
45407
45409
45420
45424
45429
45432
45433
45434
45435
45441
45443
45446
45459
45462
45470
45482
45483
45487
45488
45501
45504
45505
45506
45514
45516
45517
45518
45520
45527
45528
45532
45543
45547
45554
45555
45556
45574
45576
45581
45584
45592
45593
45595
45597
45602
45609
45624
45630
45636
45639
45643
45646
45652
45662
45663
45664
45667
45671
45676
45678
45683
45688
45692
45695
45700
45710
45714
45718
45722
45733
45748
45749
45755
45758
45759
45767
45772
45777
45782
45783
45788
45790
45792
45795
45796
45797
45799
45800
45806
45807
45814
45818
45820
45825
45827
45831
45835
45839
45841
45847
45853
45857
45858
45866
45876
45878
45882
45885
45889
45895
45896
45901
45902
45912
45917
45918
45932
45952
45954
45955
45966
45969
45973
45979
45985
45987
45993
45997
46001
46003
46006
46008
46010
46014
46017
46018
46019
46021
46024
46026
46029
46032
46035
46043
46044
46048
46050
46051
46057
46063
46083
46089
46090
46091
46092
46093
46099
46100
46101
46102
46103
46106
46108
46120
46123
46128
46136
46137
46139
46140
46154
46161
46168
46169
46171
46179
46183
46184
46186
46188
46190
46202
46204
46220
46222
46223
46225
46228
46248
46255
46261
46270
46274
46277
46278
46280
46283
46286
46301
46311
46318
46325
46331
46336
46347
46350
46354
46355
46358
46359
46366
46371
46372
46375
46383
46385
46387
46388
46389
46393
46401
46404
46417
46424
46427
46430
46436
46440
46445
46452
46455
46457
46462
46469
46477
46498
46499
46504
46506
46508
46515
46521
46525
46526
46527
46530
46532
46534
46536
46538
46544
46546
46558
46562
46570
46574
46584
46585
46593
46594
46596
46606
46607
46610
46612
46613
46614
46623
46624
46637
46639
46646
46654
46655
46659
46663
46672
46675
46676
46677
46681
46683
46684
46691
46699
46706
46712
46714
46716
46721
46723
46737
46739
46742
46746
46751
46753
46754
46756
46760
46762
46763
46766
46767
46779
46809
46810
46814
46815
46822
46825
46832
46834
46835
46836
46837
46846
46848
46851
46852
46855
46856
46858
46875
46879
46881
46889
46896
46906
46908
46910
46933
46935
46941
46942
46946
46948
46951
46952
46955
46959
46965
46966
46968
46979
46995
47000
47001
47005
47008
47010
47013
47015
47018
47021
47028
47031
47032
47036
47039
47042
47045
47053
47057
47066
47068
47080
47088
47093
47100
47103
47105
47108
47112
47115
47118
47123
47132
47134
47141
47142
47149
47153
47159
47161
47163
47164
47188
47195
47202
47208
47214
47216
47217
47223
47225
47226
47233
47237
47238
47243
47253
47261
47282
47285
47286
47294
47300
47305
47306
47310
47314
47319
47327
47332
47334
47335
47340
47346
47355
47359
47361
47363
47364
47368
47370
47372
47384
47388
47390
47406
47413
47417
47418
47419
47430
47438
47448
47460
47461
47472
47478
47482
47485
47491
47492
47498
47512
47517
47519
47520
47524
47538
47543
47548
47549
47553
47558
47565
47569
47572
47576
47578
47580
47584
47585
47586
47598
47607
47610
47629
47632
47646
47649
47661
47662
47667
47670
47675
47678
47682
47685
47688
47695
47697
47703
47707
47714
47715
47718
47722
47728
47729
47732
47737
47741
47742
47752
47753
47756
47764
47774
47781
47785
47786
47787
47788
47789
47792
47793
47798
47799
47800
47801
47803
47812
47819
47823
47825
47827
47829
47831
47833
47834
47839
47844
47846
47857
47858
47859
47861
47873
47874
47878
47889
47891
47895
47898
47906
47912
47913
47918
47919
47927
47931
47936
47941
47950
47951
47952
47956
47957
47958
47972
47987
47990
47992
47994
47998
48001
48002
48003
48022
48024
48036
48048
48060
48069
48071
48073
48080
48088
48098
48099
48100
48112
48122
48128
48131
48135
48138
48146
48147
48149
48159
48162
48163
48165
48167
48171
48181
48185
48189
48190
48206
48208
48218
48219
48220
48223
48231
48242
48246
48254
48259
48260
48263
48268
48269
48270
48279
48282
48293
48314
48317
48323
48324
48327
48337
48346
48351
48354
48359
48367
48368
48369
48373
48377
48380
48386
48389
48390
48397
48400
48408
48418
48420
48423
48428
48429
48430
48433
48441
48445
48450
48456
48463
48465
48468
48476
48477
48488
48491
48495
48496
48501
48507
48510
48515
48517
48518
48523
48524
48526
48527
48529
48543
48550
48554
48556
48557
48560
48561
48563
48566
48571
48578
48592
48599
48605
48606
48608
48624
48639
48640
48643
48645
48646
48652
48655
48660
48670
48680
48682
48685
48686
48689
48690
48703
48704
48712
48713
48715
48716
48718
48719
48722
48723
48726
48739
48743
48755
48758
48767
48770
48782
48785
48788
48792
48798
48802
48805
48810
48816
48818
48824
48827
48831
48834
48837
48838
48839
48846
48852
48853
48861
48864
48873
48875
48884
48887
48888
48890
48897
48903
48908
48910
48914
48916
48918
48923
48935
48936
48938
48943
48947
48958
48960
48967
48980
48982
48985
48992
48993
48998
49004
49007
49011
49013
49014
49015
49020
49027
49028
49029
49031
49036
49040
49042
49045
49058
49059
49065
49069
49076
49078
49084
49092
49093
49094
49107
49121
49123
49125
49126
49128
49130
49141
49145
49162
49163
49164
49170
49189
49195
49198
49212
49214
49220
49234
49236
49237
49241
49259
49261
49281
49282
49288
49291
49298
49300
49302
49303
49311
49312
49317
49338
49339
49351
49355
49358
49366
49368
49382
49393
49402
49407
49412
49413
49414
49418
49419
49421
49422
49423
49424
49429
49432
49433
49434
49438
49442
49451
49460
49464
49466
49473
49477
49481
49488
49490
49492
49500
49502
49504
49512
49518
49521
49526
49531
49542
49557
49564
49565
49566
49567
49569
49571
49576
49581
49584
49587
49588
49593
49601
49604
49613
49616
49618
49623
49630
49632
49657
49658
49669
49678
49688
49705
49710
49716
49720
49722
49732
49734
49737
49746
49751
49753
49754
49760
49761
49766
49772
49776
49782
49785
49795
49798
49800
49818
49825
49827
49837
49839
49858
49859
49868
49871
49873
49882
49889
49891
49892
49894
49896
49898
49902
49905
49906
49948
49956
49958
49964
49965
49970
49973
49974
49982
49985
49986
49987
49999
