1
3
4
5
6
8
12
15
20
24
25
34
43
48
49
52
53
55
60
62
64
65
66
69
70
71
73
74
77
82
84
85
90
93
94
95
96
100
101
103
104
106
109
114
115
116
121
126
127
128
141
146
149
152
157
161
163
167
168
173
177
179
181
190
191
196
199
205
210
214
216
223
224
229
231
234
236
239
244
246
251
254
259
260
262
265
266
267
268
270
272
275
282
283
284
288
290
293
298
304
305
307
309
312
313
314
315
316
317
319
320
321
325
326
327
328
329
330
332
335
337
338
340
347
353
356
358
359
362
365
369
370
371
373
377
378
381
382
385
388
389
391
394
398
404
405
406
409
410
414
417
419
421
422
426
431
434
438
442
443
445
446
447
449
451
452
453
457
462
465
466
468
470
471
474
477
478
480
481
483
488
492
495
498
501
503
505
510
515
517
523
524
527
528
530
531
537
538
539
544
550
551
552
556
557
561
563
566
568
572
577
584
588
596
597
600
604
605
607
611
615
620
622
628
629
632
634
640
644
645
646
649
654
656
658
661
663
665
667
669
670
671
679
684
690
692
697
699
700
702
704
705
709
711
713
714
718
719
720
721
722
723
729
735
738
741
743
751
752
755
757
761
763
766
767
769
771
772
773
777
778
779
781
784
785
786
791
794
796
799
800
801
804
805
807
808
809
810
811
812
814
816
818
820
823
828
829
830
831
833
834
835
836
838
842
848
851
857
861
863
866
869
870
872
874
877
879
880
883
884
887
891
894
898
901
903
907
911
914
918
922
923
925
927
933
937
940
946
948
954
959
960
963
964
968
972
973
978
979
983
985
988
990
993
996
1000
1002
1004
1007
1010
1011
1012
1013
1015
1017
1021
1022
1025
1026
1027
1032
1033
1034
1037
1040
1041
1050
1052
1053
1061
1062
1063
1064
1065
1071
1075
1080
1083
1084
1086
1090
1091
1095
1097
1100
1101
1102
1103
1104
1110
1111
1112
1113
1115
1116
1117
1119
1120
1121
1123
1124
1125
1127
1128
1129
1133
1134
1140
1142
1144
1148
1149
1151
1153
1156
1158
1159
1160
1163
1164
1167
1169
1172
1174
1178
1181
1183
1186
1187
1188
1190
1194
1197
1206
1217
1221
1222
1224
1225
1226
1227
1232
1233
1234
1242
1247
1248
1254
1255
1256
1257
1260
1261
1263
1264
1266
1269
1273
1278
1280
1282
1287
1288
1289
1295
1297
1301
1302
1306
1308
1309
1310
1313
1314
1317
1318
1323
1325
1327
1328
1329
1330
1332
1335
1336
1337
1339
1340
1345
1346
1350
1352
1356
1361
1362
1363
1368
1370
1374
1375
1381
1388
1389
1393
1394
1397
1411
1414
1416
1417
1418
1420
1421
1425
1426
1429
1430
1431
1435
1442
1443
1448
1449
1457
1461
1469
1471
1472
1473
1480
1481
1485
1489
1492
1493
1496
1497
1505
1506
1508
1514
1516
1518
1520
1523
1524
1527
1531
1535
1536
1542
1544
1546
1550
1553
1554
1560
1561
1562
1563
1565
1568
1569
1586
1593
1596
1597
1598
1599
1601
1607
1610
1614
1616
1617
1618
1622
1626
1627
1628
1629
1635
1636
1637
1638
1640
1641
1645
1648
1649
1652
1656
1660
1669
1671
1673
1676
1677
1679
1680
1681
1682
1686
1687
1689
1691
1692
1694
1695
1698
1702
1707
1708
1711
1712
1713
1716
1719
1722
1725
1726
1727
1729
1730
1735
1737
1739
1740
1746
1750
1751
1753
1754
1758
1761
1763
1764
1765
1771
1774
1776
1779
1781
1782
1783
1786
1788
1790
1795
1796
1797
1800
1805
1808
1809
1812
1815
1817
1820
1823
1826
1830
1832
1833
1840
1841
1844
1847
1848
1853
1858
1861
1866
1870
1874
1877
1879
1883
1884
1886
1887
1888
1890
1891
1893
1895
1896
1897
1899
1900
1901
1902
1904
1906
1907
1908
1912
1913
1924
1925
1926
1932
1933
1934
1935
1937
1938
1939
1943
1946
1948
1952
1953
1954
1958
1962
1970
1972
1976
1977
1980
1981
1983
1984
1985
1986
1987
1988
1991
1993
1994
1996
1998
1999
2002
2003
2004
2008
2009
2014
2015
2018
2024
2032
2042
2047
2054
2063
2065
2067
2069
2074
2078
2080
2081
2082
2084
2085
2088
2091
2092
2093
2097
2099
2104
2106
2109
2111
2112
2118
2129
2130
2131
2134
2135
2137
2138
2141
2144
2149
2152
2154
2162
2164
2165
2166
2167
2180
2184
2185
2186
2188
2190
2193
2194
2199
2201
2203
2206
2208
2209
2211
2213
2215
2220
2222
2225
2230
2231
2234
2235
2239
2240
2241
2242
2244
2246
2250
2251
2252
2254
2255
2259
2264
2268
2269
2270
2289
2290
2294
2296
2300
2301
2304
2305
2307
2308
2315
2316
2318
2320
2321
2325
2326
2330
2331
2332
2335
2338
2339
2340
2348
2350
2351
2352
2353
2354
2357
2358
2364
2366
2367
2368
2369
2379
2380
2388
2390
2391
2394
2399
2401
2405
2410
2411
2412
2414
2416
2417
2418
2426
2428
2429
2436
2440
2441
2445
2446
2448
2455
2460
2462
2463
2464
2465
2467
2469
2470
2474
2475
2476
2477
2479
2483
2490
2491
2492
2493
2496
2498
2500
2505
2508
2510
2511
2512
2513
2515
2516
2518
2519
2520
2521
2522
2523
2525
2528
2530
2531
2540
2542
2546
2553
2554
2556
2558
2559
2562
2565
2567
2568
2569
2576
2577
2579
2582
2584
2594
2596
2600
2601
2602
2606
2607
2609
2610
2612
2616
2618
2619
2623
2625
2626
2631
2634
2640
2642
2648
2649
2652
2657
2659
2661
2662
2663
2667
2670
2673
2674
2676
2678
2683
2684
2687
2690
2693
2694
2695
2696
2704
2705
2708
2713
2715
2721
2722
2725
2726
2728
2729
2735
2737
2738
2739
2740
2741
2742
2744
2745
2748
2759
2761
2762
2763
2765
2767
2769
2770
2773
2776
2779
2781
2783
2794
2796
2798
2799
2801
2809
2811
2815
2817
2818
2820
2828
2829
2831
2832
2833
2834
2838
2842
2844
2850
2855
2857
2858
2859
2860
2862
2864
2865
2868
2869
2876
2877
2878
2882
2884
2885
2886
2888
2890
2892
2893
2895
2897
2900
2901
2908
2910
2915
2917
2918
2924
2925
2928
2929
2932
2933
2935
2937
2942
2943
2944
2945
2953
2955
2956
2958
2962
2966
2967
2969
2972
2973
2976
2978
2979
2982
2985
2986
2991
2994
2995
2996
2998
2999
3000
3005
3010
3012
3014
3015
3016
3022
3025
3026
3027
3030
3035
3036
3038
3039
3043
3046
3050
3058
3063
3067
3086
3087
3094
3097
3098
3100
3101
3106
3107
3109
3111
3113
3119
3121
3122
3123
3127
3132
3133
3138
3140
3149
3150
3151
3153
3155
3157
3158
3159
3160
3163
3165
3166
3167
3169
3170
3171
3174
3175
3176
3180
3182
3183
3186
3187
3191
3194
3195
3196
3197
