801
803
804
808
809
814
816
823
826
827
828
830
833
834
836
837
839
842
843
844
845
848
850
851
853
856
859
861
865
866
868
872
876
877
879
882
884
888
889
890
893
896
897
898
901
902
903
905
907
909
911
913
914
916
917
918
921
922
923
924
926
927
928
930
933
937
938
939
941
942
946
948
950
951
952
954
955
956
957
958
962
963
964
971
975
976
978
979
981
983
984
985
986
988
989
990
991
993
997
999
1001
1002
1004
1005
1007
1008
1009
1010
1012
1016
1017
1021
1022
1023
1025
1027
1028
1029
1030
1031
1034
1036
1037
1038
1039
1040
1041
1042
1045
1049
1051
1052
1056
1057
1059
1060
1063
1064
1068
1070
1071
1072
1074
1075
1081
1083
1084
1085
1086
1087
1088
1089
1090
1093
1094
1095
1096
1097
1098
1099
1105
1108
1109
1110
1112
1113
1114
1115
1120
1121
1124
1126
1127
1128
1129
1131
1133
1135
1138
1141
1143
1144
1146
1147
1148
1149
1150
1152
1154
1155
1164
1166
1169
1170
1171
1172
1174
1176
1182
1187
1189
1191
1192
1195
1198
1200
1203
1204
1210
1211
1216
1217
1220
1222
1223
1224
1225
1226
1227
1228
1229
1231
1232
1235
1242
1243
1244
1245
1247
1248
1249
1250
1255
1259
1260
1261
1263
1264
1267
1269
1271
1273
1274
1276
1277
1278
1280
1282
1283
1284
1285
1287
1289
1290
1291
1295
1297
1299
1302
1303
1306
1307
1310
1311
1313
1315
1318
1321
1323
1324
1325
1326
1329
1330
1334
1335
1336
1338
1339
1341
1343
1348
1351
1352
1353
1354
1357
1360
1366
1367
1368
1372
1376
1377
1378
1379
1380
1381
1383
1385
1386
1391
1392
1393
1394
1395
1396
1397
1398
1399
1400
1401
1403
1404
1405
1406
1408
1409
1410
1412
1413
1415
1419
1420
1421
1423
1424
1425
1428
1429
1430
1434
1435
1437
1439
1440
1442
1443
1444
1446
1447
1451
1453
1457
1458
1460
1466
1467
1471
1472
1474
1477
1479
1480
1481
1482
1484
1486
1488
1489
1490
1491
1492
1493
1495
1496
1498
1499
1502
1503
1505
1507
1508
1509
1514
1515
1516
1517
1520
1522
1524
1525
1527
1528
1529
1531
1537
1538
1539
1543
1544
1545
1547
1550
1553
1555
1556
1558
1559
1562
1564
1566
1568
1569
1570
1572
1573
1574
1576
1580
1582
1583
1585
1589
1591
1592
1593
1594
1596
1597
