0
1
8
10
11
13
15
16
20
21
22
23
26
27
29
31
32
34
36
39
40
45
46
47
52
54
55
56
58
59
61
63
66
70
73
75
77
78
80
81
82
83
85
87
88
89
90
93
99
100
102
103
105
107
108
109
112
113
114
116
117
118
120
122
123
125
128
130
135
136
139
145
146
147
150
160
161
162
165
166
168
170
172
175
176
180
184
186
187
191
193
195
196
197
201
202
205
206
208
209
211
213
214
218
222
224
226
227
228
232
234
235
237
238
239
250
252
256
257
262
263
264
265
266
267
268
269
277
278
279
280
284
285
291
292
294
298
299
302
306
307
309
311
313
315
316
320
321
324
326
329
330
333
334
335
338
342
344
345
347
348
349
354
360
364
365
366
367
370
371
372
375
377
383
384
389
390
392
394
395
397
398
399
400
401
405
406
407
408
409
412
414
416
417
422
423
424
425
427
429
431
432
436
439
440
441
444
446
447
448
449
451
452
454
456
459
460
461
462
464
466
468
470
471
474
477
480
481
482
484
485
489
490
491
492
494
496
498
500
505
507
509
511
512
515
519
521
523
524
525
527
530
532
535
541
544
545
550
551
552
554
557
558
561
563
564
565
566
567
573
575
578
581
582
585
587
588
589
591
593
594
604
609
611
614
617
619
621
622
623
625
626
627
630
631
632
633
636
637
639
640
643
644
646
647
649
652
653
656
658
661
662
663
665
666
667
668
671
672
674
675
676
677
678
680
682
684
687
688
689
691
692
693
694
695
697
699
701
702
703
704
705
706
707
710
711
712
713
716
720
721
722
724
725
726
728
729
731
733
736
737
740
741
744
745
751
753
754
760
762
763
764
765
767
769
770
771
774
776
777
778
782
783
784
786
787
788
794
795
797
798
799
