12800
12810
12817
12818
12819
12822
12823
12834
12836
12839
12840
12841
12845
12848
12859
12861
12873
12876
12878
12885
12887
12899
12905
12906
12909
12914
12923
12928
12931
12936
12941
12942
12948
12949
12959
12965
12969
12978
12983
12993
12997
13004
13005
13012
13013
13017
13018
13019
13022
13026
13031
13033
13036
13037
13038
13044
13054
13056
13058
13063
13066
13071
13076
13077
13078
13079
13080
13081
13089
13099
13100
13102
13112
13113
13116
13127
13130
13135
13138
13142
13143
13148
13156
13162
13163
13179
13181
13183
13185
13186
13187
13189
13190
13191
13192
13194
13196
13198
13204
13205
13213
13216
13222
13229
13232
13238
13239
13241
13248
13252
13253
13256
13257
13259
13260
13261
13262
13264
13277
13279
13281
13291
13297
13300
13301
13309
13310
13311
13316
13327
13328
13331
13332
13336
13338
13343
13344
13345
13348
13353
13354
13356
13362
13363
13369
13371
13374
13375
13376
13378
13379
13380
13386
13387
13392
13394
13395
13404
13407
13408
13412
13417
13419
13421
13422
13425
13432
13435
13438
13452
13456
13463
13467
13468
13469
13470
13474
13476
13481
13485
13490
13495
13497
13499
13507
13508
13511
13516
13519
13520
13525
13529
13531
13532
13536
13539
13544
13545
13546
13548
13549
13552
13557
13558
13563
13564
13565
13566
13567
13570
13572
13576
13589
13593
13594
13600
13601
13602
13606
13607
13613
13619
13621
13624
13628
13632
13640
13642
13646
13649
13651
13663
13666
13670
13671
13676
13680
13681
13685
13687
13691
13693
13698
13701
13706
13709
13712
13718
13719
13720
13723
13725
13729
13730
13734
13736
13740
13741
13753
13754
13755
13757
13765
13771
13774
13778
13781
13782
13787
13790
13797
13802
13816
13824
13831
13833
13836
13842
13844
13859
13865
13866
13867
13868
13870
13873
13874
13884
13885
13887
13894
13900
13901
13905
13906
13907
13908
13912
13915
13916
13918
13925
13927
13937
13943
13952
13955
13964
13967
13971
13972
13973
13978
13980
13983
13989
13996
13997
13998
13999
14000
14005
14012
14016
14017
14020
14025
14026
14027
14033
14038
14040
14042
14049
14050
14051
14056
14062
14069
14070
14077
14078
14080
14087
14088
14089
14094
14096
14099
14100
14104
14105
14110
14114
14117
14121
14125
14129
14132
14135
14136
14141
14149
14150
14151
14153
14157
14161
14164
14165
14172
14178
14180
14188
14189
14192
14196
14199
14204
14209
14210
14212
14213
14215
14219
14220
14221
14226
14227
14236
14237
14240
14245
14250
14256
14259
14264
14267
14268
14270
14275
14278
14284
14291
14294
14296
14308
14312
14313
14322
14323
14325
14328
14330
14334
14343
14352
14355
14357
14362
14373
14374
14375
14381
14391
14400
14413
14416
14420
14427
14428
14431
14432
14438
14442
14447
14452
14458
14459
14460
14464
14466
14467
14474
14478
14486
14488
14495
14503
14507
14512
14516
14523
14524
14525
14538
14542
14543
14550
14558
14564
14572
14573
14574
14576
14578
14589
14592
14595
14601
14611
14621
14625
14626
14627
14630
14637
14640
14641
14643
14644
14647
14649
14654
14658
14659
14664
14666
14670
14672
14674
14680
14681
14686
14688
14690
14692
14694
14696
14697
14700
14707
14711
14723
14724
14725
14728
14733
14738
14751
14752
14755
14758
14759
14785
14786
14794
14798
14800
14803
14805
14807
14815
14822
14825
14827
14830
14841
14842
14850
14851
14854
14855
14858
14866
14868
14873
14878
14879
14881
14886
14889
14892
14893
14901
14903
14904
14912
14913
14924
14941
14944
14949
14956
14960
14962
14964
14965
14970
14971
14975
14980
14983
14985
14990
14994
14996
14998
15001
15007
15011
15013
15015
15016
15017
15018
15019
15022
15027
15031
15036
15037
15040
15041
15045
15046
15050
15052
15055
15058
15063
15072
15075
15084
15086
15088
15095
15101
15118
15119
15122
15136
15141
15142
15152
15153
15158
15161
15163
15169
15173
15175
15180
15181
15185
15188
15195
15197
15202
15204
15208
15212
15213
15214
15219
15223
15224
15230
15232
15234
15236
15237
15238
15239
15240
15243
15245
15248
15250
15254
15256
15260
15261
15262
15266
15275
15278
15279
15281
15286
15288
15290
15292
15294
15298
15300
15304
15306
15310
15319
15332
15334
15340
15343
15348
15351
15353
15354
15364
15366
15367
15373
15378
15389
15391
15392
15394
15400
15406
15407
15412
15414
15421
15422
15423
15426
15431
15433
15434
15441
15443
15444
15446
15448
15459
15460
15470
15472
15475
15476
15477
15479
15482
15483
15486
15487
15492
15495
15496
15500
15502
15503
15508
15523
15530
15532
15535
15537
15538
15543
15544
15547
15551
15554
15555
15564
15565
15566
15569
15573
15576
15582
15596
15601
15603
15627
15635
15637
15640
15645
15657
15658
15659
15669
15672
15674
15676
15678
15682
15696
15709
15710
15717
15718
15744
15745
15747
15748
15754
15756
15761
15767
15772
15773
15774
15787
15788
15789
15790
15791
15792
15799
15801
15806
15807
15815
15816
15818
15824
15829
15839
15849
15851
15860
15861
15862
15868
15869
15870
15871
15873
15874
15880
15882
15889
15894
15900
15914
15918
15923
15926
15930
15939
15943
15951
15953
15954
15957
15960
15965
15967
15973
15982
15986
15987
15988
15993
15996
16003
16004
16012
16013
16014
16018
16019
16020
16039
16043
16054
16056
16059
16065
16066
16069
16071
16079
16080
16081
16085
16098
16106
16114
16116
16117
16119
16124
16127
16131
16132
16136
16137
16142
16144
16146
16154
16155
16159
16165
16167
16173
16174
16178
16182
16184
16188
16190
16191
16192
16194
16198
16201
16205
16209
16218
16222
16225
16231
16235
16236
16242
16243
16244
16246
16256
16257
16258
16264
16266
16272
16273
16274
16276
16278
16279
16282
16285
16290
16291
16292
16294
16295
16301
16307
16309
16310
16314
16316
16319
16322
16325
16327
16330
16331
16343
16347
16349
16351
16354
16361
16363
16372
16373
16376
16377
16384
16392
16393
16394
16396
16402
16403
16409
16412
16414
16415
16423
16424
16426
16429
16439
16446
16450
16452
16454
16463
16464
16465
16467
16470
16471
16472
16490
16505
16508
16512
16514
16516
16521
16528
16530
16534
16536
16548
16556
16560
16561
16565
16566
16569
16572
16576
16581
16588
16591
16592
16597
16599
16601
16602
16603
16604
16606
16607
16609
16610
16614
16615
16618
16624
16628
16635
16637
16638
16640
16646
16656
16658
16659
16667
16669
16670
16673
16674
16677
16678
16681
16691
16696
16701
16703
16704
16705
16706
16712
16714
16723
16724
16728
16731
16739
16740
16743
16747
16748
16749
16751
16754
16755
16759
16765
16770
16774
16780
16787
16789
16790
16806
16814
16818
16821
16822
16826
16827
16829
16831
16834
16835
16838
16844
16848
16850
16851
16854
16856
16858
16859
16860
16862
16869
16871
16877
16887
16889
16897
16905
16909
16910
16912
16913
16914
16915
16922
16924
16928
16931
16932
16937
16942
16943
16945
16946
16947
16949
16951
16952
16953
16954
16955
16961
16962
16967
16970
16972
16977
16980
16982
16984
16986
16988
16996
16998
17001
17006
17014
17015
17019
17020
17021
17022
17023
17025
17028
17033
17038
17041
17051
17058
17062
17072
17073
17079
17082
17084
17091
17092
17094
17095
17096
17100
17113
17116
17117
17119
17122
17126
17131
17146
17147
17156
17161
17165
17169
17173
17174
17176
17184
17186
17187
17194
17197
17201
17205
17207
17208
17209
17210
17211
17213
17215
17225
17234
17235
17240
17254
17256
17259
17261
17267
17268
17270
17278
17279
17280
17286
17288
17291
17298
17313
17314
17317
17318
17320
17321
17336
17345
17346
17348
17355
17356
17361
17366
17369
17375
17376
17379
17381
17389
17397
17400
17403
17409
17410
17411
17414
17422
17425
17431
17432
17436
17438
17440
17441
17444
17450
17455
17457
17460
17463
17466
17467
17468
17470
17475
17476
17481
17486
17494
17502
17506
17507
17509
17516
17522
17523
17524
17527
17530
17547
17553
17555
17560
17562
17571
17582
17585
17587
17592
17598
17599
17600
17607
17608
17616
17619
17625
17627
17628
17630
17631
17632
17634
17635
17637
17638
17641
17644
17649
17652
17654
17660
17667
17668
17672
17674
17675
17679
17683
17685
17689
17690
17694
17698
17703
17709
17717
17722
17729
17731
17732
17736
17738
17740
17744
17746
17747
17752
17753
17755
17766
17767
17768
17781
17787
17789
17790
17795
17805
17806
17807
17811
17815
17820
17826
17827
17829
17830
17831
17833
17835
17838
17848
17856
17859
17864
17870
17871
17878
17880
17892
17893
17896
17897
17898
17900
17901
17906
17908
17909
17922
17927
17929
17930
17932
17935
17936
17937
17940
17950
17954
17955
17959
17962
17964
17966
17983
17984
17985
17989
17999
18000
18001
18005
18017
18023
18025
18026
18037
18039
18041
18049
18054
18061
18066
18067
18068
18070
18077
18084
18089
18090
18092
18095
18096
18099
18102
18103
18105
18107
18114
18119
18125
18133
18141
18143
18145
18146
18147
18153
18155
18158
18159
18165
18172
18173
18177
18181
18182
18184
18187
18193
18198
18204
18221
18222
18226
18230
18234
18242
18247
18252
18253
18254
18256
18260
18263
18269
18272
18274
18283
18286
18287
18292
18295
18296
18297
18298
18304
18306
18308
18309
18319
18321
18323
18325
18326
18328
18335
18336
18341
18347
18350
18353
18356
18358
18362
18366
18370
18372
18374
18381
18388
18389
18400
18404
18406
18408
18412
18418
18419
18422
18427
18428
18433
18434
18435
18438
18440
18442
18443
18444
18447
18448
18449
18455
18457
18467
18480
18483
18487
18488
18492
18497
18498
18499
18508
18509
18517
18524
18528
18537
18545
18546
18549
18553
18554
18556
18570
18573
18574
18575
18589
18590
18595
18596
18600
18601
18609
18611
18613
18615
18617
18619
18621
18627
18647
18655
18665
18667
18671
18672
18678
18683
18685
18692
18693
18694
18698
18700
18703
18708
18710
18716
18718
18724
18729
18730
18732
18733
18734
18735
18737
18740
18742
18748
18749
18756
18760
18761
18768
18769
18770
18775
18776
18777
18779
18786
18804
18805
18806
18810
18813
18818
18819
18820
18828
18832
18838
18840
18845
18847
18848
18850
18851
18857
18858
18861
18873
18875
18876
18890
18898
18903
18908
18910
18914
18915
18920
18926
18928
18930
18934
18944
18948
18950
18951
18953
18957
18959
18962
18964
18966
18967
18968
18976
18981
18983
18984
18987
18996
18998
19001
19005
19008
19011
19013
19014
19019
19025
19029
19037
19039
19040
19042
19049
19054
19056
19061
19063
19064
19068
19073
19075
19079
19082
19083
19086
19091
19095
19099
19103
19110
19111
19112
19129
19130
19131
19133
19134
19135
19136
19137
19139
19140
19144
19154
19155
19158
19170
19175
19182
19183
19185
19187
19188
19189
19191
19193
19195
19197
