6403
6408
6411
6414
6417
6421
6422
6424
6428
6430
6431
6435
6436
6437
6439
6445
6449
6451
6455
6457
6458
6460
6472
6473
6475
6476
6477
6479
6480
6481
6483
6486
6488
6490
6491
6495
6500
6501
6504
6505
6506
6513
6517
6518
6520
6521
6525
6527
6528
6530
6535
6538
6542
6543
6544
6551
6552
6554
6555
6560
6562
6564
6566
6568
6570
6572
6573
6576
6583
6586
6587
6588
6592
6593
6595
6596
6602
6606
6608
6609
6610
6615
6618
6622
6625
6629
6635
6639
6640
6642
6646
6647
6649
6651
6655
6656
6657
6658
6663
6671
6674
6676
6679
6680
6684
6685
6686
6687
6692
6697
6699
6702
6706
6708
6710
6711
6715
6718
6721
6725
6726
6731
6734
6737
6738
6739
6741
6746
6748
6753
6756
6757
6758
6761
6765
6767
6768
6769
6772
6774
6778
6779
6780
6785
6794
6800
6801
6802
6804
6811
6815
6822
6826
6830
6831
6833
6834
6838
6843
6844
6849
6853
6854
6857
6862
6863
6864
6865
6868
6869
6870
6872
6873
6874
6875
6884
6888
6889
6890
6891
6892
6894
6895
6897
6898
6900
6901
6903
6910
6912
6913
6914
6916
6924
6927
6928
6930
6932
6937
6939
6941
6942
6943
6951
6952
6961
6963
6964
6966
6970
6973
6974
6977
6986
6989
6990
6992
6995
6996
6998
6999
7000
7007
7008
7011
7012
7013
7016
7018
7019
7023
7030
7031
7038
7040
7045
7046
7048
7050
7056
7063
7070
7072
7073
7075
7076
7077
7078
7080
7087
7097
7098
7105
7112
7113
7120
7121
7125
7128
7129
7132
7139
7140
7141
7142
7143
7145
7148
7149
7154
7155
7159
7161
7162
7164
7166
7167
7171
7175
7179
7182
7191
7193
7194
7198
7200
7204
7212
7216
7217
7219
7221
7225
7227
7229
7232
7234
7237
7242
7244
7250
7252
7258
7259
7263
7267
7271
7272
7275
7276
7277
7278
7280
7283
7284
7292
7294
7298
7301
7309
7310
7311
7315
7318
7323
7330
7336
7337
7341
7342
7344
7355
7356
7357
7358
7361
7362
7363
7368
7377
7384
7385
7386
7390
7391
7393
7395
7397
7399
7401
7402
7403
7404
7407
7408
7409
7411
7413
7421
7423
7424
7425
7426
7427
7428
7429
7433
7434
7437
7440
7441
7444
7450
7451
7452
7453
7455
7458
7462
7464
7468
7470
7472
7473
7475
7476
7478
7486
7488
7493
7495
7497
7510
7512
7519
7520
7524
7526
7528
7529
7530
7533
7534
7536
7537
7538
7539
7549
7550
7551
7553
7557
7558
7559
7560
7562
7563
7564
7566
7569
7571
7573
7574
7580
7582
7586
7587
7589
7591
7594
7596
7598
7599
7600
7603
7607
7613
7615
7618
7619
7624
7626
7627
7628
7629
7631
7632
7633
7636
7637
7638
7642
7646
7656
7657
7660
7663
7671
7672
7679
7684
7686
7687
7691
7692
7694
7695
7696
7704
7719
7720
7731
7737
7743
7744
7746
7748
7751
7753
7766
7768
7772
7773
7774
7779
7787
7789
7790
7798
7799
7800
7801
7802
7807
7809
7810
7811
7815
7816
7818
7819
7823
7824
7825
7828
7833
7839
7840
7845
7849
7851
7854
7857
7861
7862
7863
7868
7871
7873
7876
7890
7892
7893
7894
7898
7901
7909
7912
7915
7921
7922
7925
7926
7929
7935
7936
7937
7939
7944
7946
7948
7949
7951
7954
7956
7964
7967
7972
7974
7978
7980
7981
7983
7985
7986
7988
7990
7993
7994
7998
8000
8005
8006
8007
8011
8017
8019
8032
8038
8039
8042
8043
8044
8045
8047
8048
8053
8055
8056
8059
8060
8062
8065
8067
8070
8073
8075
8076
8078
8081
8083
8085
8089
8091
8098
8099
8101
8107
8108
8109
8111
8113
8114
8122
8124
8125
8127
8128
8130
8134
8135
8138
8139
8140
8141
8146
8147
8148
8154
8156
8157
8159
8164
8165
8167
8168
8169
8172
8179
8188
8191
8192
8194
8199
8204
8206
8208
8211
8212
8215
8221
8223
8227
8228
8233
8235
8237
8248
8250
8251
8252
8253
8254
8256
8257
8263
8265
8268
8270
8271
8272
8274
8275
8277
8279
8280
8282
8284
8287
8293
8294
8295
8302
8303
8304
8307
8308
8310
8313
8314
8316
8319
8320
8321
8323
8325
8327
8328
8329
8331
8333
8334
8339
8345
8346
8350
8351
8352
8353
8354
8355
8357
8360
8363
8368
8370
8371
8373
8374
8375
8376
8377
8378
8379
8380
8381
8383
8385
8390
8392
8393
8395
8397
8402
8403
8405
8407
8409
8414
8416
8418
8419
8420
8421
8424
8428
8430
8434
8435
8439
8445
8447
8448
8453
8454
8456
8457
8458
8465
8466
8468
8472
8480
8482
8484
8487
8488
8492
8493
8494
8495
8499
8500
8509
8511
8513
8515
8526
8529
8534
8537
8538
8539
8540
8541
8542
8545
8548
8550
8553
8554
8561
8563
8565
8572
8573
8575
8577
8579
8581
8585
8587
8589
8590
8591
8592
8594
8596
8600
8603
8604
8605
8610
8614
8615
8617
8618
8624
8626
8629
8632
8633
8634
8635
8639
8641
8645
8648
8649
8651
8654
8656
8657
8668
8669
8671
8676
8677
8680
8681
8686
8689
8695
8705
8706
8708
8710
8712
8714
8715
8718
8719
8721
8728
8729
8731
8732
8734
8739
8742
8746
8752
8754
8755
8756
8758
8760
8761
8765
8770
8771
8772
8778
8782
8783
8785
8787
8788
8792
8795
8796
8800
8801
8806
8807
8809
8813
8817
8819
8821
8824
8825
8826
8827
8828
8830
8833
8837
8838
8843
8846
8848
8852
8853
8854
8855
8856
8858
8860
8861
8866
8868
8871
8872
8874
8877
8880
8881
8886
8892
8897
8898
8899
8901
8902
8906
8908
8911
8915
8916
8921
8929
8930
8932
8934
8935
8937
8939
8941
8943
8945
8947
8949
8950
8951
8952
8953
8957
8959
8960
8961
8963
8964
8967
8970
8974
8977
8978
8979
8981
8982
8983
8985
8987
8991
8995
8999
9000
9002
9003
9006
9009
9014
9024
9025
9026
9029
9031
9033
9035
9038
9041
9044
9050
9052
9053
9056
9060
9062
9063
9065
9069
9073
9074
9076
9077
9079
9086
9087
9088
9091
9094
9095
9096
9099
9101
9112
9113
9116
9118
9121
9122
9124
9126
9131
9132
9137
9138
9140
9141
9142
9146
9147
9151
9153
9154
9156
9166
9167
9175
9179
9187
9188
9189
9196
9201
9203
9204
9205
9207
9208
9209
9211
9212
9214
9215
9218
9220
9230
9232
9236
9238
9242
9245
9246
9247
9251
9256
9257
9258
9262
9266
9269
9270
9277
9279
9281
9283
9288
9292
9294
9295
9296
9298
9300
9301
9305
9306
9307
9310
9320
9325
9326
9328
9330
9333
9334
9335
9343
9344
9345
9346
9348
9350
9355
9356
9363
9364
9367
9378
9380
9383
9385
9386
9387
9389
9390
9391
9393
9401
9403
9404
9406
9409
9410
9412
9415
9418
9420
9423
9426
9429
9430
9437
9439
9442
9444
9449
9450
9451
9456
9459
9464
9466
9467
9470
9480
9482
9485
9488
9489
9490
9491
9492
9493
9494
9495
9503
9505
9511
9514
9516
9522
9525
9526
9527
9528
9532
9533
9536
9537
9539
9540
9541
9545
9551
9553
9554
9556
9557
9558
9559
9561
9563
9565
9567
9570
9571
9572
9576
9582
9584
9586
9587
9591
9595
9599
