3201
3202
3203
3204
3205
3206
3208
3213
3214
3215
3217
3219
3220
3221
3222
3223
3225
3227
3229
3233
3235
3238
3239
3244
3245
3246
3247
3248
3252
3253
3264
3266
3267
3268
3270
3273
3274
3277
3278
3281
3282
3284
3287
3288
3292
3294
3295
3296
3298
3301
3303
3306
3307
3308
3309
3310
3313
3314
3315
3316
3317
3319
3321
3324
3325
3327
3329
3332
3334
3335
3337
3338
3339
3340
3344
3345
3347
3348
3349
3350
3352
3353
3354
3355
3357
3359
3362
3364
3365
3367
3370
3372
3373
3374
3380
3384
3387
3390
3391
3394
3395
3396
3403
3404
3405
3409
3410
3411
3412
3413
3414
3415
3417
3418
3420
3421
3426
3427
3428
3429
3431
3432
3437
3440
3441
3442
3444
3448
3449
3450
3451
3452
3454
3456
3457
3458
3459
3460
3464
3466
3468
3469
3470
3471
3472
3473
3477
3478
3480
3481
3482
3483
3493
3496
3498
3499
3501
3502
3503
3506
3507
3509
3513
3517
3518
3520
3523
3524
3525
3530
3531
3532
3533
3535
3536
3537
3539
3540
3541
3543
3545
3546
3547
3550
3551
3553
3554
3555
3558
3559
3562
3564
3566
3567
3570
3575
3578
3579
3581
3582
3584
3585
3589
3590
3593
3597
3598
3600
3601
3602
3603
3608
3610
3611
3613
3614
3616
3617
3618
3621
3628
3630
3632
3634
3635
3637
3638
3640
3641
3643
3644
3646
3648
3650
3651
3653
3655
3656
3660
3662
3668
3669
3670
3674
3676
3678
3679
3680
3681
3682
3685
3686
3689
3692
3693
3695
3696
3697
3698
3699
3700
3702
3703
3704
3705
3706
3707
3713
3715
3719
3720
3723
3725
3728
3729
3731
3733
3734
3736
3737
3740
3742
3744
3748
3749
3751
3754
3755
3757
3760
3762
3765
3768
3769
3770
3776
3777
3781
3782
3783
3787
3788
3790
3792
3794
3796
3797
3798
3801
3803
3804
3806
3816
3826
3827
3830
3831
3832
3834
3838
3841
3842
3844
3845
3847
3849
3852
3853
3855
3858
3859
3860
3863
3865
3866
3867
3868
3871
3873
3874
3879
3880
3881
3882
3883
3886
3887
3888
3891
3892
3894
3895
3896
3897
3899
3900
3903
3904
3907
3908
3909
3910
3911
3912
3917
3919
3920
3922
3924
3926
3929
3931
3933
3934
3935
3936
3937
3939
3941
3942
3943
3945
3947
3948
3953
3955
3959
3960
3961
3962
3963
3967
3968
3970
3974
3977
3980
3984
3986
3987
3988
3989
3990
3992
3995
3996
3999
