25601
25602
25603
25607
25609
25610
25614
25615
25623
25626
25637
25640
25642
25649
25650
25652
25653
25655
25656
25657
25662
25668
25670
25672
25676
25678
25681
25684
25696
25699
25700
25703
25707
25708
25709
25714
25717
25718
25723
25726
25730
25731
25732
25734
25735
25744
25749
25750
25754
25758
25773
25779
25781
25784
25787
25793
25801
25802
25805
25807
25812
25833
25835
25838
25839
25843
25844
25850
25854
25856
25858
25865
25866
25869
25871
25882
25883
25884
25902
25903
25905
25910
25917
25924
25925
25926
25928
25929
25935
25938
25940
25941
25957
25958
25962
25964
25968
25971
25973
25974
25979
25981
25988
25993
25995
25998
26000
26008
26013
26020
26024
26028
26029
26030
26032
26033
26037
26042
26046
26051
26053
26056
26060
26061
26062
26068
26069
26074
26078
26082
26085
26094
26097
26098
26099
26101
26107
26113
26114
26119
26126
26128
26133
26134
26146
26151
26154
26156
26157
26167
26168
26173
26174
26177
26180
26182
26185
26186
26195
26198
26201
26202
26206
26211
26215
26218
26221
26228
26230
26233
26240
26242
26247
26248
26253
26257
26258
26260
26268
26274
26275
26277
26281
26287
26296
26297
26300
26304
26306
26309
26310
26311
26313
26314
26317
26318
26319
26323
26325
26327
26330
26331
26333
26335
26340
26344
26347
26357
26362
26366
26371
26372
26375
26383
26386
26389
26391
26392
26394
26398
26403
26404
26410
26414
26423
26428
26431
26434
26436
26437
26438
26440
26443
26446
26454
26455
26459
26460
26463
26465
26467
26473
26477
26478
26479
26480
26485
26486
26487
26490
26495
26496
26498
26506
26512
26516
26519
26520
26527
26534
26537
26540
26545
26549
26556
26558
26559
26561
26562
26563
26565
26567
26570
26575
26578
26580
26585
26586
26590
26591
26596
26599
26604
26605
26606
26611
26616
26617
26621
26626
26643
26644
26647
26654
26662
26666
26676
26679
26681
26687
26689
26692
26697
26698
26701
26704
26718
26720
26724
26730
26731
26734
26740
26741
26742
26743
26746
26749
26751
26755
26756
26758
26779
26788
26789
26793
26796
26797
26798
26803
26804
26806
26809
26811
26819
26821
26825
26833
26834
26835
26841
26842
26845
26852
26860
26872
26873
26874
26880
26881
26887
26892
26894
26895
26903
26906
26915
26916
26923
26924
26927
26928
26929
26931
26932
26933
26936
26940
26945
26954
26957
26958
26962
26963
26964
26966
26976
26980
26982
26984
26989
26990
26994
27000
27001
27002
27007
27008
27009
27015
27019
27023
27026
27030
27032
27036
27037
27041
27044
27049
27053
27054
27063
27064
27066
27067
27072
27081
27083
27084
27086
27087
27088
27089
27093
27098
27099
27107
27108
27112
27113
27114
27115
27124
27125
27139
27142
27145
27146
27147
27148
27149
27155
27157
27160
27163
27173
27179
27183
27188
27194
27200
27206
27211
27212
27215
27228
27230
27232
27234
27237
27242
27245
27248
27259
27260
27262
27265
27273
27274
27275
27276
27284
27297
27298
27302
27312
27315
27321
27322
27325
27327
27328
27330
27336
27339
27346
27352
27354
27355
27360
27361
27364
27365
27372
27374
27380
27381
27382
27385
27387
27388
27389
27392
27394
27397
27402
27408
27409
27417
27427
27429
27433
27434
27442
27449
27451
27464
27475
27476
27483
27484
27486
27493
27499
27512
27519
27521
27527
27541
27543
27545
27546
27554
27560
27565
27568
27569
27570
27571
27574
27583
27593
27596
27597
27598
27606
27609
27612
27620
27622
27624
27631
27632
27636
27639
27642
27644
27648
27654
27660
27665
27672
27681
27682
27684
27686
27688
27691
27692
27697
27703
27707
27712
27716
27718
27730
27731
27733
27734
27735
27737
27742
27748
27751
27752
27763
27765
27766
27767
27768
27771
27774
27778
27780
27786
27795
27796
27797
27801
27802
27809
27810
27811
27816
27826
27834
27835
27838
27845
27847
27851
27854
27856
27858
27859
27862
27866
27871
27872
27873
27877
27881
27886
27890
27898
27899
27905
27906
27907
27911
27917
27934
27941
27947
27948
27953
27955
27956
27957
27962
27963
27967
27974
27975
27978
27979
27982
27986
27989
27995
27997
28002
28004
28005
28007
28014
28016
28018
28020
28027
28032
28034
28035
28042
28049
28053
28056
28059
28061
28075
28077
28079
28087
28091
28103
28113
28125
28128
28135
28147
28151
28155
28157
28159
28162
28164
28170
28174
28183
28191
28199
28203
28209
28210
28216
28218
28220
28228
28237
28238
28241
28244
28245
28246
28248
28250
28255
28258
28261
28266
28269
28271
28275
28276
28277
28288
28289
28296
28297
28298
28309
28310
28311
28313
28320
28321
28322
28325
28327
28328
28330
28332
28333
28337
28338
28343
28344
28347
28350
28352
28357
28358
28359
28360
28361
28366
28368
28377
28380
28381
28383
28391
28393
28403
28410
28412
28419
28423
28427
28428
28431
28434
28438
28443
28444
28447
28452
28453
28456
28459
28460
28462
28465
28466
28467
28476
28485
28487
28489
28490
28498
28499
28501
28504
28509
28511
28517
28519
28520
28521
28522
28527
28531
28535
28541
28542
28544
28548
28550
28560
28563
28565
28569
28575
28576
28578
28579
28581
28583
28585
28589
28591
28600
28601
28604
28618
28631
28632
28644
28650
28652
28653
28656
28659
28664
28668
28670
28672
28677
28678
28683
28686
28689
28690
28698
28705
28706
28708
28712
28714
28717
28719
28723
28732
28736
28739
28742
28744
28747
28749
28750
28753
28755
28756
28758
28759
28760
28761
28764
28765
28767
28769
28770
28778
28779
28780
28786
28793
28800
28805
28810
28813
28817
28818
28819
28821
28824
28825
28829
28834
28838
28841
28854
28856
28877
28886
28892
28896
28905
28911
28912
28914
28917
28918
28919
28943
28949
28954
28956
28957
28965
28968
28974
28975
28982
28987
28988
28992
28993
28994
29002
29007
29012
29016
29022
29027
29029
29032
29036
29037
29039
29041
29044
29050
29053
29055
29060
29061
29067
29076
29078
29080
29086
29088
29091
29092
29095
29098
29099
29103
29105
29107
29117
29118
29121
29123
29126
29128
29135
29142
29143
29144
29145
29149
29151
29157
29166
29168
29170
29172
29184
29187
29190
29194
29195
29197
29203
29206
29217
29220
29226
29228
29230
29240
29242
29246
29251
29257
29264
29266
29270
29273
29282
29293
29294
29297
29298
29299
29304
29307
29309
29311
29316
29318
29320
29321
29322
29323
29325
29326
29328
29338
29339
29342
29348
29350
29355
29361
29365
29369
29371
29373
29376
29379
29382
29385
29389
29395
29397
29400
29406
29410
29423
29425
29433
29434
29438
29439
29443
29449
29451
29457
29458
29459
29460
29461
29463
29466
29467
29468
29470
29471
29472
29473
29475
29479
29481
29483
29484
29485
29490
29496
29497
29504
29511
29515
29516
29517
29518
29521
29522
29523
29524
29525
29527
29528
29536
29539
29546
29547
29549
29561
29572
29573
29574
29585
29594
29598
29599
29600
29611
29615
29621
29626
29628
29629
29631
29633
29640
29651
29656
29664
29671
29673
29676
29677
29681
29686
29694
29695
29697
29698
29709
29717
29721
29731
29736
29738
29740
29743
29748
29751
29763
29765
29766
29768
29770
29775
29779
29782
29783
29785
29786
29787
29789
29790
29791
29794
29796
29804
29810
29812
29819
29820
29826
29827
29835
29836
29839
29840
29842
29845
29849
29855
29858
29864
29865
29869
29872
29874
29875
29876
29877
29880
29885
29890
29893
29897
29899
29900
29904
29911
29913
29915
29917
29918
29925
29928
29929
29943
29953
29956
29961
29966
29970
29973
29976
29977
29980
29994
29996
30013
30016
30017
30033
30035
30039
30040
30043
30044
30047
30048
30050
30053
30054
30060
30062
30074
30077
30079
30081
30084
30086
30088
30090
30096
30099
30100
30104
30105
30110
30112
30115
30116
30128
30131
30139
30140
30143
30147
30150
30154
30159
30165
30166
30169
30171
30174
30177
30179
30180
30198
30204
30211
30216
30217
30219
30220
30221
30225
30233
30235
30237
30240
30245
30255
30259
30263
30265
30270
30285
30289
30291
30295
30299
30301
30302
30305
30306
30307
30317
30319
30334
30335
30349
30351
30367
30368
30377
30378
30382
30386
30390
30391
30392
30395
30402
30407
30410
30418
30422
30425
30432
30443
30444
30455
30458
30473
30474
30475
30482
30484
30493
30495
30498
30503
30506
30508
30511
30513
30514
30515
30520
30522
30523
30529
30535
30536
30543
30544
30547
30549
30552
30555
30557
30565
30569
30573
30575
30578
30579
30580
30581
30582
30586
30590
30595
30597
30598
30599
30604
30607
30610
30616
30617
30621
30624
30625
30626
30628
30631
30632
30633
30637
30640
30645
30647
30651
30657
30658
30664
30665
30669
30670
30679
30689
30691
30697
30698
30699
30709
30712
30713
30716
30720
30722
30724
30726
30733
30735
30741
30746
30747
30752
30755
30758
30761
30762
30763
30772
30781
30787
30790
30791
30795
30802
30805
30806
30807
30811
30813
30815
30818
30821
30824
30827
30834
30844
30846
30849
30858
30859
30861
30864
30865
30869
30870
30887
30888
30904
30905
30909
30911
30919
30923
30925
30927
30930
30933
30937
30938
30944
30950
30953
30957
30960
30967
30978
30980
30988
30989
30992
30996
31001
31002
31005
31012
31018
31023
31025
31026
31030
31032
31033
31037
31039
31040
31057
31058
31059
31074
31078
31080
31094
31098
31104
31105
31107
31108
31114
31117
31127
31135
31140
31150
31151
31153
31154
31155
31157
31159
31162
31164
31165
31169
31173
31191
31193
31198
31203
31206
31208
31209
31214
31217
31220
31227
31229
31233
31236
31240
31242
31243
31247
31248
31256
31258
31262
31264
31271
31272
31273
31279
31280
31283
31288
31290
31294
31301
31302
31304
31309
31311
31313
31316
31319
31323
31327
31329
31333
31338
31340
31343
31347
31351
31355
31359
31361
31362
31365
31367
31368
31369
31370
31376
31377
31378
31380
31382
31392
31395
31399
31400
31405
31409
31429
31430
31431
31434
31443
31457
31458
31470
31472
31475
31481
31485
31491
31496
31500
31503
31509
31513
31514
31523
31536
31538
31539
31540
31548
31554
31573
31581
31586
31598
31603
31610
31615
31616
31618
31619
31620
31621
31625
31627
31628
31629
31632
31633
31641
31642
31652
31653
31659
31661
31666
31667
31670
31673
31678
31683
31693
31694
31701
31702
31712
31713
31714
31717
31722
31723
31724
31728
31732
31733
31737
31741
31744
31746
31747
31750
31751
31757
31758
31762
31773
31775
31776
31787
31790
31796
31797
31806
31808
31814
31824
31827
31830
31835
31836
31837
31843
31847
31851
31852
31853
31854
31860
31870
31874
31875
31882
31888
31895
31903
31906
31907
31912
31913
31920
31924
31926
31927
31928
31932
31961
31963
31966
31971
31975
31976
31977
31980
31982
31983
31990
31991
31992
31995
31996
