1600
1601
1603
1604
1607
1614
1617
1621
1622
1623
1626
1628
1633
1634
1636
1638
1640
1641
1643
1645
1647
1649
1650
1651
1657
1661
1669
1677
1680
1681
1682
1683
1686
1688
1692
1697
1705
1706
1707
1708
1710
1712
1717
1718
1719
1721
1722
1726
1727
1730
1734
1735
1736
1737
1740
1747
1748
1753
1756
1758
1759
1761
1764
1770
1771
1772
1778
1779
1781
1782
1784
1786
1793
1794
1798
1799
1802
1806
1807
1808
1809
1811
1818
1819
1823
1824
1826
1831
1835
1837
1841
1842
1843
1844
1846
1847
1849
1851
1852
1853
1854
1855
1856
1858
1859
1863
1864
1865
1869
1870
1871
1872
1874
1875
1880
1882
1886
1888
1890
1891
1893
1894
1895
1898
1901
1904
1907
1909
1912
1913
1914
1915
1916
1919
1922
1924
1926
1930
1932
1934
1940
1944
1946
1948
1950
1956
1958
1961
1963
1968
1969
1973
1974
1980
1982
1983
1985
1986
1990
1992
1994
1996
1997
1998
1999
2002
2003
2006
2007
2010
2014
2016
2018
2022
2023
2024
2026
2036
2037
2038
2042
2043
2044
2046
2048
2051
2056
2057
2059
2060
2061
2068
2070
2071
2072
2073
2074
2075
2077
2078
2080
2086
2092
2093
2096
2110
2111
2112
2114
2115
2117
2119
2122
2123
2124
2126
2131
2132
2136
2138
2139
2140
2145
2146
2149
2150
2151
2156
2161
2166
2169
2170
2172
2175
2176
2177
2178
2180
2183
2184
2185
2187
2191
2193
2195
2198
2201
2204
2206
2207
2209
2211
2212
2214
2215
2218
2219
2224
2225
2229
2231
2233
2234
2236
2238
2240
2243
2244
2246
2247
2250
2251
2254
2255
2257
2258
2259
2260
2261
2268
2270
2275
2276
2281
2283
2284
2286
2291
2294
2295
2296
2297
2300
2302
2303
2304
2305
2306
2307
2313
2315
2317
2318
2319
2325
2327
2330
2331
2336
2340
2341
2344
2346
2347
2351
2352
2362
2365
2366
2368
2370
2371
2373
2374
2376
2379
2382
2385
2389
2390
2394
2395
2398
2399
2400
2402
2404
2406
2407
2408
2409
2410
2412
2414
2417
2421
2425
2430
2434
2435
2441
2442
2445
2448
2453
2455
2457
2460
2461
2467
2469
2471
2472
2474
2481
2483
2484
2490
2493
2499
2500
2501
2502
2506
2507
2513
2515
2516
2519
2521
2523
2525
2526
2531
2535
2540
2541
2554
2555
2556
2562
2563
2566
2567
2568
2572
2576
2578
2579
2585
2586
2587
2588
2589
2592
2595
2597
2599
2600
2603
2606
2608
2611
2613
2614
2616
2618
2619
2622
2628
2629
2631
2633
2634
2635
2636
2637
2638
2639
2641
2644
2645
2647
2650
2651
2657
2659
2662
2664
2670
2671
2674
2675
2676
2678
2680
2682
2683
2685
2687
2688
2691
2695
2705
2706
2708
2709
2713
2719
2720
2725
2726
2731
2733
2734
2737
2738
2743
2744
2745
2747
2750
2751
2753
2755
2756
2758
2763
2768
2770
2773
2776
2778
2779
2800
2801
2802
2809
2813
2814
2819
2821
2823
2824
2827
2828
2829
2830
2831
2836
2842
2843
2844
2846
2847
2848
2853
2854
2856
2857
2859
2860
2861
2862
2864
2865
2867
2872
2876
2881
2885
2886
2887
2888
2889
2890
2891
2892
2894
2895
2896
2898
2899
2902
2903
2904
2906
2909
2910
2912
2918
2921
2923
2925
2929
2930
2931
2935
2938
2940
2941
2944
2948
2951
2952
2954
2955
2960
2964
2965
2966
2967
2968
2970
2972
2974
2976
2979
2980
2984
2989
2992
2995
2998
3011
3013
3017
3019
3021
3024
3027
3028
3030
3032
3035
3036
3038
3043
3048
3050
3051
3053
3055
3056
3061
3064
3068
3069
3070
3071
3072
3075
3079
3083
3087
3090
3091
3093
3094
3095
3096
3099
3101
3102
3104
3105
3106
3107
3108
3110
3111
3112
3121
3122
3124
3126
3128
3131
3132
3136
3139
3141
3142
3144
3145
3146
3150
3151
3152
3153
3166
3168
3169
3174
3176
3177
3178
3180
3182
3187
3188
3191
3193
