9602
9603
9604
9606
9614
9615
9617
9625
9627
9628
9630
9635
9637
9639
9640
9641
9643
9646
9650
9652
9655
9657
9663
9664
9668
9671
9673
9682
9688
9689
9690
9695
9696
9706
9710
9712
9714
9715
9716
9719
9721
9722
9723
9727
9732
9733
9735
9738
9739
9741
9746
9747
9749
9750
9761
9766
9772
9773
9777
9778
9780
9783
9785
9786
9794
9802
9803
9804
9805
9809
9811
9814
9815
9816
9817
9818
9819
9820
9824
9828
9829
9832
9835
9841
9847
9848
9849
9853
9854
9857
9861
9866
9870
9871
9872
9873
9879
9880
9883
9885
9888
9898
9900
9903
9914
9915
9917
9918
9919
9921
9924
9929
9931
9935
9936
9938
9939
9942
9944
9947
9948
9950
9953
9956
9957
9958
9959
9963
9964
9968
9974
9976
9978
9979
9981
9986
9989
9990
9994
9996
10001
10009
10010
10012
10014
10015
10017
10018
10023
10024
10026
10029
10030
10032
10033
10036
10037
10048
10050
10051
10055
10057
10060
10063
10064
10066
10069
10070
10071
10073
10077
10079
10080
10083
10085
10086
10087
10088
10089
10094
10102
10104
10106
10109
10111
10112
10116
10119
10121
10122
10125
10126
10130
10140
10141
10142
10143
10145
10146
10154
10164
10167
10169
10170
10171
10172
10173
10176
10181
10185
10188
10190
10192
10194
10200
10201
10207
10208
10209
10212
10214
10218
10219
10221
10224
10227
10230
10232
10240
10243
10246
10250
10259
10260
10261
10264
10267
10270
10274
10277
10279
10280
10281
10287
10288
10292
10293
10295
10297
10298
10310
10315
10316
10317
10321
10323
10325
10329
10332
10333
10335
10337
10345
10347
10354
10355
10357
10358
10362
10363
10367
10369
10376
10377
10381
10382
10383
10384
10387
10388
10391
10395
10399
10405
10409
10410
10415
10416
10417
10422
10424
10429
10430
10432
10435
10437
10439
10442
10450
10452
10454
10459
10461
10462
10471
10472
10478
10481
10482
10484
10493
10495
10496
10498
10500
10501
10502
10505
10512
10522
10532
10533
10535
10538
10541
10543
10553
10556
10562
10563
10566
10567
10568
10572
10575
10577
10578
10579
10580
10581
10584
10585
10589
10590
10591
10593
10598
10602
10605
10617
10621
10623
10624
10625
10634
10638
10639
10640
10643
10644
10647
10648
10650
10654
10657
10659
10664
10675
10676
10677
10678
10684
10687
10688
10692
10693
10695
10696
10700
10703
10706
10708
10709
10715
10716
10717
10722
10723
10724
10726
10727
10730
10732
10733
10735
10743
10751
10752
10753
10754
10755
10757
10758
10761
10765
10769
10775
10777
10778
10780
10786
10787
10794
10796
10797
10799
10801
10805
10807
10808
10810
10814
10816
10818
10819
10825
10829
10833
10834
10835
10837
10839
10843
10845
10847
10851
10854
10863
10864
10868
10872
10873
10877
10878
10879
10880
10881
10882
10884
10888
10890
10892
10893
10894
10896
10900
10902
10903
10904
10906
10908
10910
10911
10917
10919
10922
10925
10927
10931
10933
10937
10945
10948
10953
10956
10958
10959
10960
10963
10966
10968
10974
10976
10979
10986
10988
10989
10997
11006
11007
11009
11010
11018
11019
11020
11023
11025
11028
11029
11030
11032
11034
11036
11038
11039
11040
11041
11047
11051
11056
11060
11061
11062
11068
11069
11072
11077
11079
11080
11082
11092
11097
11099
11101
11105
11106
11109
11110
11111
11112
11116
11119
11120
11121
11125
11126
11128
11131
11133
11134
11135
11139
11140
11141
11142
11144
11146
11148
11149
11158
11165
11166
11170
11173
11174
11175
11176
11179
11184
11185
11188
11190
11191
11192
11193
11195
11196
11203
11204
11208
11209
11210
11211
11212
11213
11214
11219
11223
11225
11226
11227
11228
11237
11238
11239
11245
11254
11257
11259
11260
11261
11263
11264
11267
11269
11273
11275
11278
11279
11281
11285
11287
11289
11296
11300
11305
11309
11310
11311
11312
11314
11315
11323
11326
11327
11328
11330
11332
11333
11335
11338
11339
11340
11343
11344
11347
11349
11352
11353
11354
11355
11358
11360
11362
11364
11367
11370
11371
11374
11375
11376
11377
11379
11381
11382
11385
11386
11387
11389
11390
11391
11392
11394
11399
11402
11403
11405
11408
11410
11412
11413
11416
11417
11426
11427
11429
11430
11440
11444
11448
11449
11458
11460
11464
11466
11467
11468
11469
11473
11475
11476
11479
11481
11483
11484
11487
11490
11492
11498
11499
11500
11503
11509
11510
11512
11513
11516
11517
11518
11521
11523
11527
11529
11532
11534
11535
11539
11540
11551
11553
11555
11556
11557
11558
11559
11561
11564
11565
11566
11568
11569
11570
11573
11574
11575
11578
11579
11580
11585
11590
11592
11593
11597
11598
11599
11601
11603
11604
11606
11609
11617
11624
11630
11632
11636
11637
11640
11641
11643
11645
11649
11650
11652
11656
11658
11659
11660
11662
11668
11674
11677
11678
11681
11687
11688
11691
11692
11694
11695
11696
11697
11700
11701
11703
11704
11705
11712
11715
11725
11726
11728
11732
11734
11741
11746
11747
11750
11756
11757
11759
11761
11774
11776
11777
11779
11784
11788
11789
11791
11794
11799
11800
11805
11807
11808
11809
11811
11812
11813
11817
11825
11828
11830
11835
11837
11839
11842
11843
11849
11850
11852
11856
11857
11861
11864
11865
11869
11871
11874
11877
11880
11884
11891
11894
11896
11899
11904
11905
11906
11908
11910
11914
11915
11918
11920
11925
11928
11931
11932
11935
11937
11942
11944
11949
11951
11952
11953
11960
11961
11962
11965
11970
11973
11977
11982
11984
11985
11988
11990
11991
11992
11994
11996
12003
12005
12007
12018
12020
12022
12024
12025
12027
12031
12045
12047
12049
12050
12053
12054
12056
12057
12060
12061
12065
12066
12067
12070
12072
12075
12087
12093
12094
12100
12102
12105
12107
12111
12112
12116
12120
12121
12126
12127
12128
12129
12131
12139
12140
12141
12150
12154
12155
12156
12158
12160
12162
12165
12166
12170
12171
12172
12179
12181
12183
12185
12191
12192
12193
12194
12195
12197
12199
12203
12206
12208
12209
12210
12218
12219
12220
12222
12223
12224
12226
12229
12233
12238
12240
12241
12243
12247
12249
12250
12251
12252
12258
12259
12262
12268
12272
12273
12276
12277
12279
12282
12286
12287
12289
12293
12296
12297
12298
12301
12303
12304
12306
12317
12320
12321
12322
12323
12324
12332
12333
12335
12336
12340
12342
12347
12351
12358
12361
12364
12365
12371
12375
12376
12377
12379
12382
12383
12384
12390
12392
12394
12398
12399
12400
12405
12406
12407
12409
12410
12416
12423
12426
12429
12431
12433
12434
12435
12436
12438
12439
12440
12442
12444
12446
12447
12453
12456
12461
12465
12466
12470
12477
12478
12481
12483
12484
12485
12486
12488
12490
12491
12495
12498
12501
12504
12514
12517
12519
12521
12522
12525
12534
12536
12537
12540
12544
12545
12547
12552
12554
12558
12559
12561
12571
12573
12575
12576
12578
12580
12581
12583
12584
12586
12589
12590
12596
12597
12600
12601
12612
12616
12617
12620
12626
12629
12635
12638
12641
12652
12654
12656
12660
12664
12666
12667
12668
12669
12671
12676
12678
12679
12683
12684
12687
12689
12694
12698
12700
12701
12704
12705
12707
12708
12721
12723
12724
12725
12726
12731
12734
12737
12738
12744
12747
12748
12753
12760
12764
12765
12766
12767
12770
12772
12776
12777
12778
12784
12786
12789
12791
12795
12796
12797
12798
