3200
3201
3202
3203
3205
3206
3207
3209
3210
3218
3221
3222
3223
3226
3227
3233
3236
3237
3241
3242
3244
3246
3247
3249
3252
3256
3258
3259
3260
3263
3264
3268
3273
3274
3275
3280
3281
3286
3290
3291
3292
3295
3298
3299
3303
3304
3305
3307
3308
3310
3311
3316
3321
3323
3325
3327
3329
3330
3332
3337
3339
3342
3343
3348
3350
3353
3354
3358
3360
3366
3369
3371
3374
3376
3377
3378
3379
3380
3381
3382
3388
3389
3390
3391
3392
3394
3399
3401
3404
3408
3410
3415
3420
3421
3422
3424
3425
3426
3427
3430
3434
3439
3443
3446
3448
3450
3452
3455
3459
3461
3462
3463
3465
3467
3475
3478
3479
3486
3492
3493
3496
3497
3502
3503
3507
3509
3510
3511
3513
3517
3518
3519
3520
3521
3523
3524
3528
3529
3530
3531
3532
3540
3544
3550
3552
3558
3561
3563
3568
3570
3571
3574
3575
3576
3578
3579
3587
3588
3589
3594
3595
3597
3605
3610
3611
3613
3614
3616
3621
3623
3624
3625
3626
3630
3638
3639
3641
3643
3644
3645
3646
3647
3648
3651
3654
3655
3659
3661
3663
3667
3668
3669
3673
3674
3677
3684
3686
3687
3689
3690
3697
3700
3704
3705
3710
3711
3712
3717
3718
3719
3720
3721
3722
3723
3724
3729
3731
3734
3736
3737
3739
3745
3747
3749
3750
3751
3754
3755
3756
3762
3763
3766
3769
3772
3773
3774
3775
3776
3778
3779
3782
3784
3785
3786
3789
3790
3791
3795
3799
3803
3805
3806
3810
3813
3821
3822
3823
3826
3827
3831
3833
3834
3837
3838
3839
3841
3843
3845
3850
3854
3855
3856
3859
3865
3866
3867
3869
3870
3871
3872
3877
3878
3886
3888
3889
3892
3898
3899
3904
3909
3914
3917
3918
3919
3921
3923
3924
3928
3932
3933
3943
3944
3946
3947
3948
3949
3951
3952
3957
3959
3960
3963
3964
3966
3967
3968
3971
3972
3974
3975
3977
3978
3982
3987
3993
3996
3998
3999
4001
4002
4003
4004
4012
4013
4015
4017
4019
4023
4024
4026
4028
4029
4032
4033
4035
4036
4038
4042
4043
4044
4045
4048
4049
4051
4057
4059
4060
4061
4065
4066
4067
4069
4070
4072
4073
4079
4085
4086
4088
4090
4091
4092
4093
4096
4097
4098
4099
4100
4101
4104
4105
4107
4108
4110
4112
4114
4116
4118
4119
4120
4121
4122
4123
4128
4130
4131
4134
4135
4136
4137
4138
4141
4142
4143
4147
4149
4151
4152
4156
4159
4160
4161
4162
4171
4175
4181
4183
4187
4190
4192
4194
4195
4197
4200
4204
4213
4214
4216
4217
4218
4219
4221
4222
4223
4226
4227
4229
4232
4234
4235
4238
4239
4240
4243
4247
4248
4250
4251
4252
4255
4263
4265
4268
4269
4271
4272
4273
4274
4276
4280
4287
4288
4291
4292
4293
4297
4298
4300
4301
4302
4304
4306
4311
4317
4322
4323
4325
4328
4329
4331
4332
4333
4337
4343
4346
4347
4349
4351
4354
4356
4358
4361
4362
4364
4365
4366
4367
4368
4372
4374
4377
4378
4384
4388
4389
4390
4393
4394
4396
4398
4402
4403
4407
4411
4412
4414
4415
4416
4421
4422
4424
4425
4428
4430
4431
4433
4434
4437
4440
4444
4446
4452
4453
4455
4456
4457
4458
4463
4467
4469
4470
4472
4474
4475
4478
4479
4481
4482
4488
4492
4493
4494
4500
4502
4503
4505
4507
4509
4511
4512
4514
4516
4518
4523
4524
4525
4529
4531
4535
4536
4537
4541
4549
4550
4551
4552
4554
4557
4558
4562
4565
4567
4568
4569
4572
4575
4576
4580
4581
4585
4586
4587
4590
4591
4593
4597
4599
4600
4601
4603
4604
4607
4610
4611
4614
4616
4618
4621
4622
4626
4627
4629
4631
4632
4639
4642
4649
4650
4652
4653
4655
4657
4660
4666
4667
4669
4670
4671
4674
4675
4684
4686
4687
4688
4689
4690
4691
4692
4694
4695
4696
4697
4698
4701
4707
4708
4712
4713
4714
4715
4717
4719
4722
4723
4724
4726
4728
4730
4732
4733
4737
4741
4744
4745
4747
4749
4751
4752
4753
4758
4760
4767
4768
4769
4770
4780
4784
4786
4790
4796
4799
