19210
19218
19223
19225
19226
19230
19235
19242
19251
19253
19255
19256
19258
19260
19262
19263
19265
19267
19268
19269
19270
19275
19276
19278
19279
19282
19287
19288
19289
19293
19294
19297
19298
19308
19310
19312
19313
19317
19322
19323
19327
19335
19336
19339
19340
19343
19346
19347
19350
19355
19368
19385
19388
19390
19395
19398
19399
19405
19410
19414
19418
19429
19431
19434
19435
19436
19438
19440
19446
19447
19453
19458
19460
19462
19477
19478
19491
19495
19500
19506
19507
19509
19513
19519
19522
19526
19531
19532
19534
19535
19542
19545
19555
19557
19572
19573
19574
19578
19579
19581
19588
19590
19592
19596
19597
19604
19610
19611
19615
19620
19621
19631
19632
19634
19639
19641
19643
19645
19648
19649
19651
19654
19656
19658
19661
19665
19666
19668
19671
19675
19676
19683
19691
19697
19699
19708
19712
19715
19718
19720
19731
19733
19735
19736
19741
19744
19758
19760
19768
19769
19775
19776
19778
19783
19788
19795
19796
19797
19798
19801
19802
19805
19806
19807
19808
19810
19811
19820
19821
19823
19826
19831
19834
19838
19844
19847
19865
19866
19870
19874
19876
19878
19879
19883
19891
19899
19900
19901
19903
19906
19907
19914
19922
19923
19924
19925
19927
19930
19933
19937
19942
19952
19953
19956
19957
19958
19962
19965
19970
19982
19984
19986
19988
19993
19994
19996
20016
20018
20019
20020
20022
20023
20024
20026
20027
20028
20039
20040
20049
20053
20055
20056
20057
20059
20062
20063
20064
20071
20074
20076
20077
20079
20088
20090
20097
20100
20102
20103
20105
20106
20107
20109
20118
20120
20127
20128
20129
20131
20144
20146
20154
20159
20162
20164
20176
20188
20189
20199
20205
20208
20212
20218
20220
20223
20224
20226
20229
20232
20233
20235
20256
20258
20260
20265
20271
20276
20277
20280
20281
20284
20285
20294
20299
20303
20304
20308
20312
20316
20317
20321
20324
20326
20327
20328
20331
20332
20335
20341
20343
20354
20355
20363
20366
20370
20371
20373
20376
20382
20385
20387
20391
20394
20402
20415
20416
20421
20422
20428
20433
20434
20436
20448
20455
20457
20463
20467
20477
20479
20482
20483
20488
20491
20499
20502
20509
20512
20513
20514
20519
20521
20522
20530
20533
20540
20541
20543
20552
20554
20555
20557
20560
20561
20563
20565
20571
20572
20573
20580
20581
20586
20589
20592
20595
20596
20609
20613
20614
20615
20617
20619
20625
20628
20630
20631
20632
20633
20635
20651
20652
20653
20655
20657
20660
20661
20662
20667
20668
20686
20687
20696
20705
20709
20715
20720
20724
20726
20731
20735
20738
20740
20741
20744
20750
20758
20759
20770
20772
20773
20775
20782
20783
20785
20786
20792
20800
20803
20809
20812
20813
20833
20834
20835
20837
20839
20843
20847
20848
20849
20856
20858
20862
20865
20875
20886
20891
20892
20896
20897
20899
20900
20906
20908
20909
20910
20914
20919
20922
20923
20929
20951
20952
20954
20955
20961
20968
20977
20980
20984
20992
20993
21000
21003
21004
21016
21019
21020
21040
21048
21070
21071
21074
21078
21079
21089
21090
21092
21093
21096
21100
21101
21102
21105
21109
21117
21123
21128
21134
21137
21138
21141
21146
21154
21158
21162
21171
21172
21173
21175
21179
21189
21190
21191
21193
21195
21201
21204
21206
21220
21222
21239
21240
21247
21249
21251
21253
21258
21259
21262
21265
21270
21271
21275
21279
21283
21285
21286
21288
21289
21291
21295
21298
21299
21304
21307
21311
21313
21325
21329
21335
21340
21360
21364
21368
21369
21383
21386
21388
21389
21394
21395
21405
21406
21407
21414
21415
21418
21420
21430
21431
21434
21436
21439
21440
21456
21457
21465
21477
21478
21479
21482
21483
21484
21489
21493
21494
21496
21500
21504
21505
21507
21518
21528
21540
21541
21551
21553
21554
21555
21556
21571
21585
21593
21601
21603
21605
21607
21608
21620
21624
21632
21634
21636
21644
21649
21665
21675
21678
21683
21684
21685
21690
21694
21700
21702
21705
21712
21713
21715
21716
21718
21722
21723
21726
21728
21729
21733
21734
21740
21744
21746
21748
21752
21753
21754
21756
21760
21767
21769
21770
21774
21775
21778
21780
21781
21782
21783
21790
21792
21799
21802
21803
21807
21809
21812
21813
21818
21819
21821
21827
21831
21832
21835
21843
21850
21862
21863
21865
21866
21870
21873
21877
21878
21879
21884
21887
21889
21896
21897
21899
21908
21909
21910
21911
21913
21918
21921
21924
21925
21928
21931
21932
21935
21939
21941
21948
21953
21955
21976
21977
21982
21985
21989
21991
21993
21998
22011
22014
22015
22021
22022
22024
22026
22027
22029
22033
22034
22038
22040
22042
22043
22050
22053
22058
22059
22070
22087
22091
22095
22097
22098
22101
22102
22103
22106
22108
22110
22113
22117
22119
22123
22139
22142
22146
22149
22150
22154
22161
22164
22173
22177
22178
22179
22184
22186
22187
22191
22193
22197
22206
22210
22219
22224
22230
22237
22240
22244
22246
22247
22249
22251
22258
22259
22260
22261
22263
22267
22275
22279
22282
22285
22287
22289
22294
22306
22315
22319
22322
22334
22335
22336
22337
22340
22344
22347
22354
22368
22369
22377
22378
22379
22381
22386
22387
22388
22389
22390
22393
22398
22402
22403
22404
22408
22412
22413
22420
22431
22438
22456
22465
22468
22469
22470
22471
22475
22485
22487
22493
22494
22496
22497
22498
22499
22501
22504
22506
22510
22514
22515
22520
22522
22526
22527
22528
22530
22537
22543
22547
22548
22549
22551
22552
22554
22562
22564
22568
22571
22572
22574
22575
22580
22581
22593
22595
22599
22606
22612
22613
22615
22624
22626
22627
22628
22630
22639
22648
22649
22656
22659
22663
22670
22672
22673
22674
22676
22678
22693
22695
22697
22702
22704
22705
22713
22716
22719
22721
22724
22727
22729
22730
22733
22736
22738
22749
22750
22752
22754
22755
22756
22761
22762
22763
22766
22769
22770
22771
22785
22786
22787
22804
22808
22810
22811
22812
22813
22819
22821
22823
22824
22826
22830
22831
22834
22835
22840
22842
22847
22855
22856
22860
22864
22868
22869
22872
22879
22880
22881
22882
22885
22886
22895
22896
22902
22905
22920
22924
22926
22927
22929
22937
22944
22947
22948
22951
22953
22960
22967
22968
22974
22978
22983
22986
23002
23004
23005
23008
23014
23016
23020
23023
23025
23027
23033
23036
23042
23050
23057
23058
23063
23065
23067
23070
23072
23074
23078
23093
23095
23103
23104
23105
23109
23114
23119
23122
23124
23134
23135
23144
23147
23151
23154
23156
23157
23160
23162
23165
23167
23176
23186
23190
23192
23193
23203
23208
23209
23212
23213
23225
23226
23228
23233
23235
23237
23242
23246
23247
23249
23251
23252
23253
23262
23263
23273
23275
23278
23279
23282
23288
23289
23290
23295
23299
23301
23302
23316
23322
23327
23329
23332
23350
23353
23355
23361
23362
23367
23368
23370
23375
23376
23381
23383
23385
23388
23389
23396
23397
23399
23400
23401
23403
23408
23411
23415
23418
23420
23423
23424
23429
23449
23453
23455
23456
23459
23460
23462
23463
23466
23471
23476
23477
23481
23486
23492
23495
23497
23498
23503
23507
23511
23513
23515
23517
23523
23525
23527
23529
23530
23531
23534
23540
23547
23550
23554
23556
23565
23585
23586
23587
23591
23592
23598
23600
23605
23607
23612
23613
23616
23619
23628
23631
23632
23633
23643
23645
23648
23658
23660
23661
23663
23664
23666
23668
23673
23676
23680
23681
23684
23686
23691
23694
23697
23698
23701
23704
23708
23710
23711
23715
23716
23717
23718
23722
23723
23725
23729
23730
23734
23735
23736
23745
23751
23752
23754
23760
23763
23768
23779
23780
23785
23788
23789
23790
23792
23796
23798
23801
23805
23809
23810
23814
23822
23832
23836
23839
23840
23843
23845
23847
23852
23855
23862
23868
23872
23876
23879
23886
23887
23888
23898
23899
23901
23911
23913
23914
23917
23920
23924
23926
23928
23934
23938
23942
23943
23945
23949
23950
23955
23958
23961
23967
23968
23972
23978
23980
23983
23992
23995
23997
23998
24000
24004
24007
24019
24027
24028
24036
24037
24039
24046
24050
24055
24058
24067
24069
24073
24076
24080
24082
24087
24094
24099
24102
24105
24112
24116
24120
24124
24127
24128
24137
24151
24156
24161
24168
24169
24171
24174
24175
24179
24181
24183
24184
24187
24189
24190
24191
24203
24204
24207
24208
24214
24216
24218
24219
24223
24229
24233
24235
24245
24246
24249
24251
24256
24257
24261
24262
24265
24267
24278
24280
24284
24288
24297
24299
24302
24305
24307
24314
24322
24325
24331
24332
24334
24336
24341
24358
24367
24368
24374
24377
24380
24381
24395
24400
24402
24415
24417
24426
24430
24433
24434
24437
24440
24445
24453
24455
24456
24458
24460
24461
24462
24466
24475
24477
24478
24484
24488
24490
24491
24493
24495
24499
24500
24502
24503
24510
24523
24529
24532
24533
24537
24544
24557
24561
24562
24565
24566
24568
24573
24583
24585
24590
24594
24596
24603
24609
24617
24624
24628
24632
24634
24637
24641
24643
24647
24653
24656
24657
24661
24663
24664
24677
24678
24679
24680
24683
24684
24688
24689
24691
24692
24703
24705
24724
24725
24726
24733
24737
24746
24764
24765
24767
24769
24777
24778
24780
24782
24785
24789
24791
24795
24803
24808
24822
24824
24825
24830
24835
24842
24844
24845
24846
24850
24863
24866
24878
24879
24882
24884
24885
24889
24891
24892
24895
24896
24907
24909
24911
24921
24922
24923
24924
24930
24931
24932
24933
24935
24944
24945
24951
24953
24962
24963
24964
24965
24968
24969
24974
24975
24977
24983
24985
24992
24999
25000
25001
25004
25005
25009
25014
25026
25029
25032
25034
25035
25046
25051
25053
25055
25058
25068
25070
25072
25075
25076
25081
25085
25086
25089
25094
25096
25098
25103
25105
25111
25116
25118
25120
25122
25124
25142
25149
25152
25153
25155
25156
25177
25180
25181
25184
25185
25188
25192
25193
25195
25202
25206
25207
25212
25214
25219
25223
25230
25231
25233
25238
25241
25249
25257
25258
25267
25271
25278
25279
25290
25302
25303
25308
25313
25323
25325
25326
25340
25343
25356
25360
25364
25366
25373
25378
25383
25386
25389
25392
25393
25397
25410
25414
25415
25417
25432
25433
25434
25441
25446
25450
25452
25455
25457
25459
25462
25463
25464
25466
25473
25477
25480
25482
25484
25487
25496
25497
25506
25508
25514
25518
25524
25526
25527
25542
25543
25544
25546
25547
25551
25553
25555
25556
25564
25569
25570
25572
25573
25577
25578
25582
25584
25588
25591
25593
25597
