12844
12874
13091
13187
13240
13322
13397
13430
13524
13586
13605
13742
13760
13807
13895
14079
14096
14166
14372
14444
14486
14499
14500
14510
14554
14594
14604
14824
14896
14898
14954
15177
15195
15315
15383
15689
15817
15866
15892
15934
15941
15949
16039
16146
16245
16271
16381
16410
16425
16447
16512
16525
16593
16881
16883
17036
17050
17054
17098
17305
17310
17446
17452
17726
17733
17779
17857
17865
17894
17916
17965
18090
18115
18264
18295
18376
18383
18461
18496
18515
18580
18650
18661
18836
18859
18923
19153
