12801
12805
12807
12810
12811
12812
12816
12817
12819
12823
12824
12825
12826
12830
12834
12839
12840
12845
12852
12861
12862
12864
12868
12871
12872
12883
12887
12889
12893
12894
12898
12901
12904
12907
12915
12917
12919
12924
12925
12927
12928
12929
12930
12932
12934
12935
12937
12938
12942
12950
12951
12953
12955
12956
12959
12964
12965
12968
12970
12979
12982
12985
12986
12987
12988
12989
12993
12996
13001
13002
13004
13005
13007
13010
13011
13012
13014
13021
13022
13024
13027
13029
13030
13035
13037
13038
13039
13041
13042
13047
13053
13064
13066
13067
13070
13074
13076
13077
13079
13085
13087
13089
13092
13095
13097
13099
13102
13104
13107
13108
13112
13113
13114
13124
13125
13127
13131
13132
13136
13139
13140
13141
13142
13145
13146
13149
13150
13151
13153
13157
13158
13159
13161
13164
13165
13169
13170
13173
13176
13178
13181
13183
13186
13187
13190
13192
13193
13194
13197
13201
13204
13206
13207
13212
13215
13216
13217
13221
13222
13224
13226
13227
13228
13230
13231
13233
13235
13241
13243
13245
13246
13248
13251
13253
13256
13257
13260
13261
13265
13266
13269
13273
13278
13280
13283
13284
13285
13286
13293
13294
13303
13306
13307
13311
13316
13318
13322
13327
13333
13334
13336
13339
13340
13341
13342
13343
13353
13356
13358
13361
13363
13364
13366
13370
13371
13374
13375
13379
13384
13391
13392
13394
13397
13398
13399
13401
13406
13408
13414
13416
13417
13419
13420
13430
13431
13433
13434
13435
13437
13439
13443
13447
13450
13455
13456
13457
13458
13462
13463
13464
13465
13466
13467
13468
13478
13480
13484
13486
13487
13490
13494
13495
13497
13499
13500
13501
13508
13509
13510
13512
13516
13517
13518
13520
13522
13524
13525
13526
13527
13528
13530
13532
13537
13540
13547
13548
13550
13551
13554
13560
13561
13562
13563
13564
13565
13567
13575
13579
13580
13584
13585
13586
13590
13592
13593
13598
13600
13602
13604
13607
13612
13613
13614
13622
13623
13624
13625
13631
13635
13638
13640
13641
13646
13647
13651
13652
13653
13657
13658
13667
13668
13670
13671
13672
13673
13675
13679
13684
13685
13688
13690
13694
13695
13697
13698
13699
13700
13701
13702
13703
13704
13708
13709
13710
13711
13713
13719
13723
13726
13732
13734
13738
13743
13746
13747
13748
13751
13760
13769
13771
13772
13773
13779
13781
13784
13787
13788
13789
13790
13792
13796
13797
13801
13802
13803
13804
13805
13811
13813
13819
13824
13830
13832
13833
13834
13838
13840
13841
13845
13846
13847
13848
13849
13851
13852
13854
13856
13873
13874
13875
13876
13877
13883
13885
13887
13892
13893
13894
13897
13900
13902
13903
13911
13913
13915
13916
13918
13919
13922
13927
13930
13931
13934
13938
13940
13943
13944
13945
13946
13947
13949
13950
13953
13956
13957
13958
13960
13961
13963
13965
13971
13972
13974
13978
13979
13993
13994
13997
13998
14003
14006
14007
14008
14012
14014
14015
14019
14025
14029
14031
14034
14037
14039
14043
14044
14052
14053
14059
14061
14063
14066
14068
14071
14072
14073
14077
14079
14084
14085
14087
14090
14092
14094
14095
14097
14102
14103
14106
14112
14115
14116
14118
14119
14122
14127
14129
14131
14132
14134
14136
14138
14139
14141
14145
14146
14147
14150
14152
14153
14159
14160
14162
14166
14168
14170
14172
14173
14175
14177
14178
14179
14180
14181
14182
14183
14186
14195
14196
14201
14206
14210
14215
14216
14217
14221
14224
14230
14231
14233
14237
14239
14240
14241
14243
14244
14249
14252
14256
14265
14269
14270
14272
14274
14279
14282
14283
14294
14296
14297
14302
14303
14305
14306
14307
14308
14309
14310
14311
14314
14315
14318
14321
14322
14324
14325
14328
14332
14334
14335
14339
14340
14341
14345
14349
14353
14354
14355
14359
14360
14361
14363
14364
14368
14372
14373
14377
14378
14381
14382
14383
14388
14389
14395
14398
14399
14401
14402
14404
14405
14407
14408
14409
14411
14418
14422
14425
14426
14427
14428
14431
14433
14434
14437
14439
14440
14441
14442
14446
14451
14452
14453
14456
14457
14470
14473
14479
14483
14486
14487
14489
14490
14491
14492
14494
14497
14505
14506
14507
14512
14514
14519
14520
14523
14524
14525
14528
14531
14532
14535
14536
14540
14544
14551
14552
14553
14554
14556
14557
14559
14568
14569
14580
14582
14584
14587
14591
14594
14597
14600
14601
14602
14607
14608
14610
14616
14617
14620
14621
14622
14624
14629
14631
14634
14638
14641
14642
14644
14646
14647
14654
14657
14659
14664
14666
14667
14672
14673
14676
14683
14686
14687
14688
14690
14691
14695
14696
14704
14705
14706
14707
14710
14714
14717
14718
14719
14720
14721
14723
14724
14725
14726
14727
14728
14730
14732
14733
14737
14738
14742
14743
14745
14746
14750
14751
14753
14754
14755
14756
14761
14762
14763
14764
14766
14768
14770
14772
14777
14779
14782
14783
14785
14786
14787
14789
14790
14792
14796
14797
14799
14800
14802
14810
14815
14816
14823
14826
14836
14837
14840
14841
14842
14843
14847
14849
14851
14856
14857
14859
14863
14865
14867
14870
14872
14875
14888
14889
14897
14898
14905
14908
14913
14914
14916
14920
14924
14931
14932
14933
14936
14937
14942
14944
14945
14946
14947
14949
14951
14952
14954
14956
14957
14958
14959
14961
14964
14965
14966
14967
14971
14976
14978
14983
14984
14985
14986
14989
14992
14994
14996
14999
15001
15003
15011
15013
15017
15019
15023
15026
15027
15029
15030
15031
15032
15036
15038
15041
15043
15045
15047
15050
15051
15057
15059
15060
15063
15064
15068
15070
15073
15077
15081
15084
15089
15094
15095
15097
15101
15102
15105
15109
15112
15118
15119
15121
15123
15130
15135
15136
15137
15139
15147
15151
15152
15153
15154
15156
15161
15165
15172
15175
15184
15188
15190
15191
15193
15195
15197
15199
15207
15209
15210
15211
15214
15217
15219
15222
15225
15226
15233
15235
15239
15240
15242
15243
15244
15246
15250
15253
15254
15255
15257
15259
15261
15264
15265
15269
15270
15274
15275
15278
15282
15284
15286
15290
15294
15295
15299
15300
15303
15305
15306
15307
15309
15311
15313
15316
15317
15319
15322
15326
15327
15335
15342
15347
15349
15353
15354
15357
15365
15366
15373
15378
15396
15397
15399
15400
15403
15405
15407
15409
15412
15413
15416
15417
15419
15426
15427
15431
15432
15435
15436
15438
15441
15442
15444
15449
15452
15462
15464
15466
15467
15470
15473
15476
15488
15489
15490
15494
15495
15498
15499
15502
15505
15508
15514
15515
15516
15517
15519
15520
15528
15530
15531
15543
15544
15545
15547
15548
15549
15561
15564
15565
15566
15570
15579
15582
15583
15585
15587
15588
15589
15592
15593
15604
15605
15606
15612
15614
15616
15618
15624
15626
15629
15630
15632
15635
15642
15644
15649
15653
15658
15659
15663
15664
15666
15668
15671
15673
15677
15678
15679
15680
15681
15683
15686
15688
15690
15691
15692
15696
15698
15704
15705
15707
15709
15710
15720
15721
15723
15724
15727
15728
15732
15733
15736
15741
15744
15746
15747
15751
15755
15758
15760
15765
15767
15769
15770
15775
15779
15782
15787
15788
15793
15796
15797
15807
15812
15819
15821
15823
15824
15825
15826
15831
15832
15834
15837
15839
15840
15844
15847
15848
15850
15854
15857
15858
15863
15864
15868
15871
15873
15874
15875
15876
15878
15879
15883
15885
15887
15892
15894
15896
15898
15901
15902
15905
15908
15909
15910
15915
15916
15919
15923
15924
15927
15929
15932
15935
15938
15939
15942
15946
15948
15950
15952
15961
15962
15963
15964
15965
15975
15978
15979
15981
15985
15986
15987
15990
15994
15997
