4802
4805
4806
4809
4810
4811
4818
4820
4821
4825
4826
4831
4833
4834
4836
4839
4842
4844
4847
4851
4852
4854
4855
4857
4858
4859
4860
4861
4864
4867
4869
4873
4875
4878
4879
4880
4881
4885
4887
4894
4895
4897
4898
4900
4907
4909
4915
4917
4918
4922
4924
4925
4929
4930
4933
4934
4935
4936
4939
4947
4950
4951
4954
4956
4959
4964
4965
4966
4970
4973
4974
4976
4977
4980
4983
4987
4989
4990
4991
4992
4994
4995
4996
4998
5001
5002
5003
5004
5005
5007
5012
5014
5018
5019
5021
5024
5025
5027
5033
5035
5040
5041
5043
5044
5045
5046
5047
5048
5051
5055
5058
5060
5066
5067
5070
5072
5075
5077
5082
5084
5087
5088
5089
5093
5098
5099
5103
5104
5107
5108
5109
5110
5111
5116
5119
5122
5125
5127
5128
5131
5141
5142
5143
5145
5147
5148
5151
5153
5158
5159
5161
5166
5169
5170
5173
5176
5178
5180
5186
5187
5189
5194
5195
5198
5199
5208
5209
5210
5211
5212
5213
5215
5217
5220
5225
5227
5230
5232
5240
5241
5242
5243
5246
5249
5251
5252
5253
5254
5255
5258
5260
5263
5265
5267
5273
5274
5275
5278
5279
5280
5282
5283
5285
5288
5289
5292
5296
5301
5302
5308
5310
5311
5313
5315
5319
5320
5322
5323
5324
5328
5330
5331
5336
5337
5347
5348
5349
5352
5354
5356
5359
5360
5362
5365
5366
5368
5369
5371
5374
5375
5380
5384
5385
5388
5389
5390
5393
5396
5398
5399
5402
5406
5410
5411
5414
5415
5416
5417
5418
5422
5423
5424
5427
5428
5431
5432
5433
5441
5449
5453
5454
5455
5458
5459
5461
5462
5466
5468
5473
5477
5483
5484
5491
5493
5494
5496
5498
5499
5502
5506
5511
5515
5517
5520
5521
5526
5528
5529
5530
5531
5532
5535
5536
5539
5542
5543
5544
5545
5546
5549
5550
5551
5553
5555
5556
5561
5566
5567
5571
5572
5573
5574
5576
5578
5579
5580
5581
5582
5588
5592
5593
5596
5600
5602
5606
5612
5615
5616
5619
5621
5623
5626
5628
5630
5631
5633
5636
5639
5640
5641
5643
5644
5648
5649
5652
5653
5654
5655
5656
5657
5659
5660
5662
5664
5665
5666
5669
5670
5671
5672
5677
5679
5680
5683
5685
5689
5691
5697
5701
5703
5708
5709
5710
5711
5714
5715
5717
5718
5722
5723
5725
5727
5729
5730
5733
5734
5736
5737
5740
5742
5746
5747
5751
5753
5754
5755
5756
5758
5759
5760
5761
5763
5764
5766
5771
5773
5774
5775
5776
5778
5780
5781
5787
5792
5796
5797
5799
5800
5802
5803
5805
5808
5809
5811
5812
5820
5822
5825
5826
5828
5830
5831
5832
5836
5839
5843
5847
5852
5854
5855
5860
5861
5869
5871
5872
5873
5874
5876
5882
5884
5885
5888
5889
5890
5891
5892
5894
5895
5904
5906
5908
5910
5913
5914
5915
5920
5926
5929
5931
5934
5936
5941
5944
5947
5949
5950
5951
5954
5955
5958
5959
5960
5963
5965
5969
5971
5972
5973
5975
5977
5978
5979
5980
5983
5984
5992
5994
5996
5998
6004
6007
6008
6009
6012
6013
6017
6021
6024
6026
6030
6032
6034
6036
6037
6038
6041
6042
6045
6048
6049
6056
6059
6061
6062
6065
6069
6071
6076
6077
6080
6082
6083
6084
6088
6089
6090
6091
6093
6095
6096
6099
6101
6103
6104
6105
6106
6107
6108
6109
6113
6114
6116
6118
6120
6121
6123
6124
6125
6126
6130
6131
6141
6142
6146
6147
6149
6150
6154
6158
6159
6160
6161
6163
6165
6166
6167
6171
6174
6175
6176
6177
6179
6180
6181
6182
6184
6190
6191
6193
6196
6197
6198
6200
6202
6203
6211
6213
6214
6215
6216
6222
6223
6225
6229
6231
6233
6234
6238
6241
6242
6243
6244
6247
6248
6251
6252
6255
6261
6263
6264
6265
6266
6267
6272
6277
6279
6282
6289
6290
6292
6293
6295
6298
6299
6300
6303
6304
6305
6307
6308
6310
6313
6315
6320
6329
6330
6331
6334
6335
6336
6337
6344
6348
6349
6350
6353
6355
6356
6357
6358
6364
6366
6372
6373
6376
6377
6379
6380
6383
6387
6388
6389
6390
6392
