30007
30010
30011
30015
30018
30027
30031
30044
30054
30058
30067
30069
30070
30077
30083
30086
30095
30102
30105
30106
30109
30110
30111
30114
30117
30122
30126
30129
30130
30132
30139
30142
30143
30145
30152
30159
30160
30161
30166
30167
30169
30172
30175
30183
30194
30196
30200
30209
30215
30220
30228
30233
30234
30239
30240
30241
30244
30248
30249
30252
30274
30277
30283
30285
30286
30289
30305
30311
30322
30329
30336
30343
30345
30349
30352
30362
30363
30376
30378
30383
30384
30385
30388
30390
30400
30401
30404
30405
30412
30414
30421
30423
30429
30431
30448
30449
30470
30485
30493
30494
30496
30505
30506
30511
30514
30517
30518
30522
30528
30531
30534
30538
30540
30549
30555
30558
30570
30571
30576
30581
30594
30598
30601
30607
30608
30612
30613
30616
30622
30626
30631
30637
30643
30651
30660
30665
30668
30669
30675
30676
30677
30688
30689
30691
30698
30700
30704
30707
30715
30718
30722
30724
30726
30731
30735
30737
30740
30743
30745
30747
30749
30753
30761
30763
30773
30774
30784
30787
30794
30797
30803
30807
30808
30809
30810
30813
30814
30819
30820
30821
30822
30825
30834
30835
30842
30844
30847
30848
30852
30853
30857
30861
30890
30891
30892
30894
30905
30910
30911
30919
30920
30921
30923
30931
30932
30939
30942
30943
30951
30953
30957
30960
30963
30967
30969
30970
30975
30977
30979
30997
31005
31008
31011
31015
31018
31021
31029
31033
31054
31058
31062
31068
31069
31074
31076
31085
31087
31088
31090
31100
31116
31117
31119
31120
31122
31126
31127
31130
31135
31138
31147
31148
31149
31152
31159
31162
31163
31169
31178
31189
31190
31193
31194
31196
31202
31204
31208
31215
31218
31224
31236
31237
31242
31245
31249
31251
31252
31256
31264
31280
31281
31291
31294
31299
31301
31302
31303
31305
31306
31307
31308
31310
31315
31320
31330
31334
31337
31339
31344
31351
31354
31358
31360
31378
31381
31390
31392
31393
31394
31403
31405
31412
31415
31418
31421
31422
31424
31425
31427
31429
31430
31434
31435
31441
31443
31446
31451
31454
31462
31463
31464
31475
31481
31492
31498
31501
31504
31513
31517
31534
31541
31543
31544
31555
31556
31559
31560
31562
31573
31576
31586
31592
31595
31601
31607
31610
31617
31620
31623
31627
31628
31630
31643
31665
31673
31677
31682
31684
31691
31698
31699
31703
31709
31714
31722
31727
31728
31731
31732
31733
31736
31737
31740
31746
31752
31756
31758
31759
31764
31768
31770
31772
31775
31777
31778
31779
31784
31788
31795
31796
31797
31806
31812
31814
31826
31833
31841
31843
31844
31846
31847
31848
31854
31859
31862
31869
31874
31876
31877
31887
31895
31898
31911
31915
31919
31925
31938
31940
31942
31946
31950
31956
31963
31970
31981
31986
31999
32002
32004
32009
32018
32022
32026
32028
32031
32034
32035
32039
32041
32049
32056
32065
32067
32068
32069
32075
32083
32084
32086
32088
32097
32098
32104
32109
32113
32120
32124
32125
32127
32128
32133
32135
32137
32139
32152
32155
32156
32166
32167
32175
32177
32179
32180
32181
32184
32186
32188
32192
32193
32198
32204
32206
32208
32213
32214
32216
32221
32222
32224
32226
32235
32240
32245
32246
32254
32259
32276
32277
32278
32280
32283
32285
32288
32292
32293
32301
32319
32325
32329
32334
32335
32347
32355
32368
32371
32380
32381
32386
32392
32395
32396
32406
32410
32412
32414
32420
32424
32425
32426
32429
32436
32437
32439
32447
32450
32451
32466
32476
32480
32481
32482
32486
32493
32494
32495
32497
32498
32500
32521
32523
32526
32534
32538
32541
32570
32574
32575
32577
32579
32584
32585
32591
32596
32598
32600
32606
32610
32621
32625
32628
32629
32632
32646
32660
32662
32666
32672
32674
32678
32680
32690
32693
32699
32701
32703
32704
32709
32710
32717
32722
32724
32731
32740
32741
32742
32755
32756
32764
32777
32780
32783
32786
32787
32795
32798
32803
32805
32807
32811
32826
32830
32833
32836
32847
32849
32852
32857
32861
32868
32870
32891
32892
32893
32896
32900
32918
32921
32934
32936
32942
32943
32944
32945
32951
32970
32971
32975
32979
32983
32984
32987
32989
32991
33001
33003
33006
33009
33014
33015
33017
33018
33019
33023
33030
33039
33048
33056
33064
33072
33079
33081
33082
33083
33090
33091
33093
33099
33103
33107
33112
33121
33123
33125
33128
33129
33136
33148
33149
33153
33158
33168
33171
33175
33177
33184
33189
33192
33200
33205
33206
33222
33225
33234
33238
33242
33243
33245
33248
33252
33253
33258
33262
33269
33270
33271
33275
33280
33288
33291
33294
33295
33298
33304
33310
33311
33317
33318
33325
33331
33350
33355
33361
33366
33372
33380
33382
33406
33414
33417
33418
33424
33436
33441
33442
33444
33445
33446
33448
33454
33456
33457
33469
33474
33475
33485
33486
33492
33495
33496
33510
33514
33519
33521
33528
33531
33532
33533
33537
33556
33559
33561
33562
33570
33588
33589
33592
33593
33594
33600
33606
33616
33619
33622
33625
33626
33631
33632
33642
33644
33645
33655
33662
33669
33682
33689
33691
33698
33704
33706
33709
33710
33712
33721
33722
33738
33756
33766
33773
33788
33799
33803
33807
33816
33817
33818
33819
33822
33836
33839
33845
33847
33849
33868
33869
33870
33872
33875
33882
33883
33884
33888
33896
33897
33899
33900
33909
33911
33915
33919
33924
33926
33927
33929
33931
33934
33945
33947
33948
33957
33958
33962
33966
33967
33971
33972
33984
33988
33990
33992
33994
33996
34002
34003
34004
34008
34013
34024
34029
34030
34034
34035
34039
34041
34042
34043
34044
34058
34061
34071
34080
34081
34086
34088
34090
34098
34108
34109
34111
34126
34127
34131
34143
34150
34158
34168
34171
34180
34182
34184
34186
34187
34191
34197
34200
34203
34205
34207
34209
34210
34217
34219
34222
34235
34236
34239
34248
34250
34252
34254
34259
34261
34270
34274
34275
34278
34279
34290
34292
34295
34296
34300
34303
34320
34324
34325
34330
34339
34358
34362
34369
34372
34378
34379
34392
34399
34402
34404
34407
34411
34422
34434
34435
34441
34446
34449
34452
34456
34464
34465
34471
34472
34475
34477
34479
34480
34494
34496
34502
34504
34505
34519
34526
34531
34541
34542
34552
34555
34561
34565
34566
34568
34569
34574
34575
34576
34578
34584
34586
34587
34589
34592
34599
34604
34621
34629
34631
34634
34640
34649
34659
34663
34673
34676
34681
34683
34684
34685
34697
34700
34702
34713
34716
34732
34744
34755
34765
34774
34775
34782
34783
34790
34791
34802
34805
34808
34810
34818
34819
34822
34825
34830
34850
34855
34858
34860
34862
34868
34871
34875
34887
34897
34900
34908
34928
34929
34931
34932
34933
34937
34942
34946
34954
34955
34959
34975
34977
34990
34991
34992
34996
34998
35005
35006
35008
35009
35013
35019
35020
35021
35028
35031
35036
35044
35046
35057
35077
35087
35105
35109
35118
35120
35123
35129
35135
35139
35155
35164
35170
35172
35173
35184
35185
35187
35188
35189
35190
35191
35193
35197
35199
35200
35206
35212
35215
35223
35225
35229
35230
35232
35245
35252
35262
35263
35266
35267
35269
35270
35277
35288
35296
35297
35301
35302
35305
35317
35318
35319
35333
35336
35338
35341
35342
35349
35357
35362
35365
35368
35371
35372
35384
35387
35388
35389
35391
35394
35403
35414
35418
35424
35425
35428
35433
35434
35435
35448
35452
35453
35454
35455
35458
35460
35461
35463
35465
35467
35469
35485
35490
35496
35499
35500
35507
35511
35517
35519
35522
35524
35532
35534
35537
35548
35551
35564
35571
35573
35575
35578
35580
35586
35587
35589
35596
35597
35600
35609
35617
35619
35625
35643
35649
35651
35656
35657
35666
35667
35673
35675
35679
35680
35684
35688
35689
35692
35705
35707
35716
35719
35726
35736
35742
35743
35745
35750
35757
35762
35763
35764
35765
35768
35783
35784
35786
35788
35794
35798
35801
35802
35810
35813
35819
35823
35825
35826
35828
35829
35839
35841
35850
35851
35855
35856
35858
35860
35867
35869
35870
35881
35888
35889
35901
35906
35907
35909
35929
35930
35934
35940
35945
35952
35954
35955
35959
35974
35975
35981
35983
35985
35990
35991
35998
36004
36013
36016
36022
36025
36032
36034
36036
36038
36043
36063
36066
36083
36085
36087
36094
36095
36101
36107
36109
36111
36113
36115
36116
36126
36130
36133
36137
36138
36139
36155
36160
36162
36168
36169
36170
36173
36175
36179
36181
36197
36201
36209
36220
36221
36225
36227
36228
36229
36230
36231
36253
36258
36260
36261
36263
36264
36269
36276
36282
36287
36291
36293
36297
36302
36307
36309
36314
36315
36322
36325
36327
36329
36337
36340
36344
36354
36360
36364
36366
36367
36373
36379
36380
36382
36384
36388
36391
36395
36397
36398
36415
36423
36427
36437
36446
36449
36455
36461
36473
36475
36482
36483
36484
36491
36493
36495
36497
36500
36508
36514
36515
36526
36530
36535
36536
36539
36544
36546
36555
36556
36557
36562
36570
36576
36588
36591
36592
36598
36599
36601
36605
36608
36616
36629
36631
36636
36640
36642
36643
36650
36651
36653
36655
36659
36664
36665
36666
36671
36672
36676
36678
36684
36693
36702
36703
36704
36705
36712
36725
36732
36734
36737
36740
36743
36746
36748
36749
36751
36753
36755
36757
36758
36759
36760
36766
36769
36778
36783
36787
36790
36793
36804
36807
36810
36812
36818
36824
36825
36832
36841
36842
36843
36848
36849
36856
36858
36860
36868
36871
36878
36881
36882
36883
36885
36888
36902
36905
36906
36907
36914
36918
36922
36924
36929
36933
36939
36944
36946
36947
36949
36951
36953
36955
36959
36973
36977
36979
36985
36988
36990
36994
36996
37004
37010
37012
37013
37015
37017
37021
37023
37024
37025
37026
37028
37030
37031
37036
37040
37041
37047
37052
37056
37064
37073
37079
37080
37086
37096
37098
37103
37105
37108
37115
37117
37127
37128
37129
37135
37139
37144
37145
37148
37151
37152
37158
37161
37162
37166
37172
37179
37180
37184
37189
37190
37195
37197
37198
37210
37218
37222
37223
37227
37232
37237
37249
37253
37254
37255
37268
37282
37283
37291
37297
37302
37310
37312
37314
37315
37327
37332
37334
37352
37354
37357
37363
37364
37367
37369
37375
37380
37389
37394
37395
37397
37401
37406
37408
37414
37415
37416
37417
37419
37422
37426
37431
37436
37443
37444
37445
37454
37455
37461
37462
37463
37469
37470
37479
37481
37484
37486
37494
37495
37500
37504
37510
37522
37524
37531
37544
37545
37546
37547
37560
37565
37570
37578
37592
37594
37596
37601
37607
37612
37615
37622
37627
37631
37632
37635
37643
37645
37648
37657
37658
37665
37670
37683
37684
37696
37707
37714
37722
37730
37740
37742
37745
37749
37751
37753
37755
37757
37758
37759
37761
37770
37772
37773
37790
37791
37792
37795
37797
37806
37808
37809
37810
37817
37824
37837
37844
37848
37850
37853
37855
37856
37863
37865
37866
37874
37875
37876
37879
37882
37888
37904
37906
37907
37911
37917
37918
37928
37937
37941
37942
37947
37958
37959
37963
37968
37970
37973
37974
37975
37983
37984
37985
37987
37991
37997
38000
38010
38023
38025
38040
38041
38050
38054
38058
38061
38064
38085
38088
38100
38107
38117
38121
38125
38127
38134
38141
38151
38152
38154
38159
38163
38168
38171
38176
38186
38188
38190
38191
38195
38196
38198
38202
38213
38214
38215
38216
38221
38222
38229
38234
38236
38237
38238
38242
38252
38254
38263
38266
38269
38279
38304
38305
38308
38311
38316
38321
38323
38327
38330
38341
38346
38353
38362
38372
38375
38377
38391
38394
38398
38399
38400
38404
38406
38420
38427
38457
38461
38466
38470
38475
38476
38480
38482
38485
38486
38490
38493
38503
38504
38507
38508
38510
38514
38516
38519
38520
38522
38542
38543
38553
38557
38558
38566
38567
38568
38570
38576
38581
38583
38587
38588
38592
38603
38624
38625
38637
38641
38650
38683
38684
38694
38696
38701
38702
38710
38711
38714
38718
38724
38726
38730
38731
38734
38735
38740
38746
38752
38753
38755
38760
38771
38773
38774
38779
38783
38793
38796
38800
38810
38815
38816
38817
38824
38829
38833
38841
38845
38855
38858
38862
38863
38867
38872
38873
38883
38885
38886
38887
38890
38892
38899
38907
38909
38911
38915
38926
38934
38936
38942
38945
38946
38947
38948
38950
38961
38964
38973
38979
38990
38991
38993
38994
38996
38997
38999
39005
39008
39010
39022
39028
39033
39034
39037
39048
39051
39053
39056
39057
39060
39064
39074
39082
39089
39092
39097
39099
39103
39105
39109
39113
39116
39135
39143
39148
39152
39163
39166
39168
39171
39175
39176
39179
39192
39196
39197
39207
39212
39218
39222
39226
39233
39234
39238
39240
39242
39249
39251
39255
39277
39285
39291
39297
39299
39304
39307
39308
39310
39327
39332
39337
39339
39342
39345
39348
39354
39358
39369
39374
39375
39380
39388
39389
39395
39400
39410
39413
39416
39418
39422
39423
39424
39426
39435
39443
39444
39458
39461
39463
39465
39476
39482
39490
39495
39503
39516
39521
39523
39530
39531
39536
39539
39552
39554
39575
39576
39580
39582
39583
39606
39612
39618
39622
39631
39635
39637
39651
39654
39658
39661
39662
39668
39677
39681
39689
39691
39697
39700
39701
39708
39714
39722
39724
39737
39738
39748
39753
39755
39758
39762
39768
39769
39771
39773
39778
39784
39792
39795
39798
39804
39806
39811
39814
39818
39820
39823
39836
39839
39844
39847
39851
39859
39861
39880
39886
39887
39891
39893
39894
39898
39900
39903
39908
39917
39924
39927
39929
39936
39940
39941
39942
39946
39948
39955
39958
39971
39977
39979
39982
39986
39988
39992
39994
