3200
3202
3203
3205
3206
3209
3211
3215
3220
3225
3228
3231
3233
3235
3236
3240
3242
3243
3244
3245
3246
3247
3248
3252
3253
3257
3259
3260
3261
3264
3265
3266
3267
3269
3271
3276
3278
3280
3282
3286
3287
3294
3295
3299
3300
3301
3304
3308
3310
3314
3321
3322
3324
3327
3328
3329
3330
3335
3336
3348
3351
3357
3358
3360
3361
3364
3365
3368
3370
3371
3372
3375
3385
3386
3391
3392
3393
3396
3400
3405
3407
3410
3412
3414
3415
3425
3426
3432
3433
3434
3436
3441
3445
3446
3448
3449
3450
3451
3454
3455
3457
3459
3460
3463
3464
3465
3470
3471
3481
3482
3483
3484
3488
3490
3493
3495
3502
3509
3510
3511
3513
3520
3521
3522
3529
3530
3535
3536
3537
3541
3544
3547
3550
3554
3555
3557
3559
3566
3567
3572
3574
3575
3576
3577
3579
3581
3585
3588
3590
3592
3594
3597
3598
3605
3607
3609
3610
3612
3613
3614
3615
3619
3620
3623
3627
3630
3631
3642
3646
3652
3653
3657
3662
3664
3665
3669
3670
3672
3673
3680
3682
3683
3687
3689
3690
3691
3692
3694
3697
3699
3700
3702
3710
3711
3713
3714
3715
3716
3724
3725
3727
3728
3732
3733
3735
3742
3745
3747
3748
3753
3754
3756
3760
3762
3765
3770
3777
3778
3779
3781
3784
3785
3786
3792
3793
3796
3798
3799
3801
3803
3805
3806
3812
3813
3815
3817
3820
3821
3825
3827
3829
3832
3833
3835
3838
3840
3842
3845
3847
3849
3855
3856
3858
3862
3870
3875
3876
3878
3879
3880
3891
3892
3898
3902
3904
3907
3910
3913
3920
3921
3922
3927
3928
3930
3932
3939
3940
3941
3942
3945
3947
3948
3950
3956
3957
3960
3961
3962
3964
3967
3970
3971
3977
3978
3980
3982
3987
3988
3989
3994
3998
4001
4003
4007
4008
4009
4016
4018
4019
4021
4023
4026
4027
4032
4033
4035
4046
4048
4050
4053
4062
4072
4073
4078
4083
4087
4089
4099
4104
4107
4108
4113
4115
4120
4123
4124
4126
4127
4128
4132
4135
4139
4141
4143
4144
4146
4147
4150
4154
4155
4158
4159
4160
4164
4165
4171
4172
4173
4177
4178
4179
4182
4186
4192
4201
4211
4217
4218
4220
4223
4224
4226
4228
4229
4232
4233
4234
4235
4242
4248
4249
4250
4251
4252
4255
4259
4262
4265
4267
4268
4270
4272
4275
4276
4278
4279
4285
4286
4287
4288
4293
4304
4306
4308
4317
4318
4321
4322
4323
4326
4328
4337
4339
4340
4345
4346
4347
4349
4351
4354
4358
4359
4360
4363
4364
4365
4366
4368
4370
4371
4380
4381
4383
4385
4386
4389
4391
4393
4396
4397
4403
4406
4408
4409
4411
4412
4414
4415
4417
4419
4424
4427
4434
4436
4444
4445
4451
4453
4456
4457
4460
4462
4464
4469
4471
4473
4474
4475
4478
4481
4483
4485
4487
4489
4490
4491
4494
4496
4497
4498
4499
4502
4503
4504
4505
4506
4507
4510
4515
4517
4527
4528
4533
4536
4537
4541
4544
4545
4546
4549
4550
4552
4558
4561
4567
4575
4576
4580
4583
4585
4587
4588
4589
4590
4591
4601
4603
4605
4606
4607
4609
4610
4611
4612
4625
4628
4631
4633
4636
4637
4638
4645
4646
4647
4651
4652
4654
4655
4656
4657
4660
4661
4662
4667
4669
4670
4674
4676
4679
4680
4685
4686
4687
4691
4693
4695
4696
4697
4699
4702
4704
4705
4706
4707
4708
4710
4711
4720
4721
4723
4727
4731
4732
4733
4736
4738
4741
4744
4748
4751
4755
4756
4757
4760
4761
4762
4763
4765
4766
4771
4774
4776
4780
4783
4784
4790
4791
4796
4798
4799
4800
4801
4802
4808
4809
4810
4814
4818
4819
4820
4821
4826
4827
4835
4841
4843
4846
4856
4857
4862
4867
4868
4871
4874
4879
4882
4886
4889
4890
4892
4894
4897
4898
4899
4902
4906
4909
4914
4915
4924
4927
4928
4930
4932
4942
4945
4947
4949
4950
4951
4952
4963
4965
4967
4971
4972
4977
4983
4984
4985
4986
4987
4989
4990
4991
4997
5006
5007
5011
5013
5015
5019
5020
5022
5023
5025
5026
5027
5028
5031
5034
5037
5039
5041
5046
5049
5054
5056
5058
5059
5060
5061
5064
5066
5069
5070
5071
5073
5075
5087
5095
5096
5097
5098
5101
5102
5107
5114
5116
5117
5120
5121
5123
5127
5130
5131
5132
5133
5138
5139
5143
5149
5151
5152
5153
5156
5160
5162
5165
5166
5167
5171
5172
5175
5176
5177
5182
5187
5190
5192
5193
5194
5195
5197
5198
5200
5204
5210
5211
5212
5214
5215
5219
5220
5223
5225
5226
5231
5234
5235
5236
5239
5243
5244
5247
5248
5249
5250
5251
5252
5253
5254
5255
5256
5259
5263
5264
5267
5268
5269
5270
5272
5277
5279
5283
5288
5290
5298
5299
5302
5306
5310
5314
5317
5320
5321
5326
5328
5335
5337
5338
5341
5342
5343
5345
5349
5350
5352
5354
5355
5357
5359
5361
5363
5365
5367
5371
5381
5382
5384
5385
5387
5388
5389
5392
5393
5394
5399
5403
5404
5408
5414
5417
5418
5425
5427
5429
5435
5437
5439
5440
5441
5442
5444
5449
5450
5453
5454
5462
5463
5467
5469
5471
5473
5475
5480
5481
5486
5490
5494
5495
5499
5500
5502
5504
5505
5506
5512
5515
5516
5522
5531
5532
5533
5534
5539
5541
5553
5555
5556
5557
5560
5562
5564
5565
5566
5569
5576
5580
5587
5595
5596
5600
5603
5604
5606
5607
5612
5616
5617
5620
5624
5625
5626
5628
5635
5638
5647
5651
5653
5655
5656
5657
5658
5660
5665
5667
5669
5670
5673
5675
5678
5679
5682
5683
5685
5686
5688
5692
5695
5700
5703
5709
5711
5714
5718
5720
5721
5724
5725
5726
5727
5728
5729
5730
5731
5732
5735
5736
5738
5742
5744
5750
5751
5756
5758
5766
5772
5779
5780
5782
5784
5785
5788
5789
5790
5791
5792
5793
5795
5796
5797
5798
5799
5800
5803
5805
5806
5810
5811
5813
5814
5822
5823
5826
5827
5828
5832
5836
5838
5841
5842
5848
5852
5853
5855
5856
5857
5863
5868
5869
5870
5871
5875
5876
5881
5882
5888
5889
5890
5892
5899
5900
5906
5911
5912
5913
5914
5915
5918
5919
5922
5923
5929
5934
5936
5937
5939
5942
5943
5944
5950
5952
5955
5956
5958
5960
5963
5968
5971
5972
5974
5975
5979
5980
5985
5989
5991
5993
5998
5999
6006
6008
6009
6020
6027
6029
6030
6034
6036
6043
6053
6055
6057
6060
6061
6063
6064
6069
6074
6076
6077
6078
6079
6086
6087
6089
6092
6093
6094
6095
6101
6102
6104
6106
6107
6110
6113
6115
6118
6120
6121
6126
6133
6136
6138
6142
6143
6145
6150
6156
6160
6169
6170
6172
6173
6179
6185
6187
6188
6189
6193
6197
6199
6205
6210
6211
6212
6215
6217
6218
6222
6223
6224
6226
6227
6229
6230
6234
6235
6238
6243
6244
6246
6248
6251
6253
6259
6260
6261
6269
6270
6271
6272
6273
6277
6283
6287
6289
6290
6292
6293
6297
6299
6300
6301
6302
6305
6308
6309
6312
6317
6318
6319
6326
6330
6331
6334
6335
6342
6343
6344
6347
6351
6354
6356
6362
6366
6369
6372
6374
6375
6382
6383
6392
