0
1
2
17
18
19
20
21
23
24
26
27
28
29
31
32
33
36
40
41
46
47
48
50
51
52
53
54
56
57
60
62
65
66
70
75
81
82
83
89
90
93
100
106
108
109
110
113
115
116
118
119
120
121
123
128
132
135
136
137
139
143
145
147
148
154
157
159
160
162
163
164
165
166
167
168
171
177
178
179
182
183
187
189
191
194
198
199
202
203
204
205
207
208
209
213
215
216
219
222
224
225
226
228
233
237
241
244
245
246
249
257
260
262
270
275
280
281
282
285
287
288
289
290
292
295
297
300
303
304
307
312
314
316
318
323
326
329
333
336
340
341
343
344
346
356
363
365
366
369
371
377
386
389
390
391
393
394
396
397
399
404
405
406
408
410
411
412
414
415
418
419
423
424
433
434
436
438
440
445
447
449
452
454
456
458
460
461
462
469
473
480
484
485
488
497
499
501
504
505
506
507
508
509
511
513
514
515
518
520
522
523
525
530
532
534
537
539
543
546
548
549
550
551
552
557
559
560
561
562
563
564
565
566
567
574
576
578
580
583
585
586
590
593
596
601
603
607
610
611
614
615
621
625
627
629
630
632
633
634
638
640
642
644
647
648
651
657
658
662
663
666
667
668
669
670
671
672
676
677
681
689
696
702
704
707
713
714
716
717
718
719
720
725
726
729
732
734
738
739
741
743
745
747
748
750
751
756
757
761
763
764
765
768
769
771
773
775
777
780
784
785
786
788
791
792
806
808
809
813
814
816
818
819
820
821
822
823
827
828
829
832
837
839
845
846
847
848
849
850
855
857
859
862
867
871
872
873
875
876
878
880
881
885
886
892
893
896
898
903
904
905
908
910
913
914
918
920
921
925
928
929
930
932
934
938
939
940
943
948
950
953
955
957
958
962
969
973
974
975
978
980
981
983
984
985
988
992
995
998
999
1000
1001
1004
1005
1006
1007
1010
1011
1013
1015
1019
1025
1032
1033
1034
1036
1037
1038
1042
1051
1055
1057
1059
1060
1062
1066
1074
1075
1078
1080
1082
1083
1103
1105
1107
1109
1110
1111
1113
1115
1116
1120
1121
1125
1126
1127
1129
1131
1132
1135
1136
1139
1142
1143
1147
1151
1165
1166
1167
1171
1173
1176
1178
1181
1183
1184
1188
1190
1194
1195
1196
1197
1199
1202
1203
1208
1209
1211
1215
1222
1223
1238
1239
1241
1243
1250
1251
1254
1255
1256
1257
1260
1262
1263
1264
1267
1269
1270
1271
1272
1273
1275
1279
1282
1291
1292
1293
1298
1299
1301
1302
1306
1307
1309
1314
1315
1318
1320
1323
1327
1328
1330
1331
1332
1333
1336
1338
1340
1344
1347
1350
1355
1356
1359
1361
1362
1363
1369
1371
1376
1377
1379
1380
1383
1384
1385
1386
1387
1388
1389
1391
1395
1397
1398
1399
1403
1406
1408
1415
1416
1418
1423
1424
1426
1428
1429
1432
1434
1439
1443
1444
1446
1448
1450
1451
1452
1453
1456
1459
1460
1464
1465
1466
1467
1468
1469
1470
1471
1479
1480
1481
1484
1487
1489
1490
1494
1495
1500
1501
1510
1511
1513
1514
1517
1518
1519
1524
1527
1528
1529
1532
1534
1535
1536
1539
1543
1548
1550
1563
1564
1568
1569
1570
1571
1573
1575
1576
1577
1578
1580
1583
1585
1588
1593
1596
1598
1599
