9622
9640
9661
9736
9749
9800
9805
9809
9929
9930
9992
10015
10084
10103
10160
10289
10299
10302
10322
10357
10363
10372
10377
10432
10458
10467
10541
10554
10617
10638
10693
10711
10827
10878
10905
10933
10959
11019
11104
11119
11181
11183
11211
11264
11309
11351
11369
11371
11419
11444
11507
11546
11588
11597
11609
11624
11678
11740
11801
11837
11935
11943
11996
12049
12101
12202
12273
12303
12320
12351
12355
12427
12470
12476
12490
12599
12613
12621
12643
12671
12686
12705
12719
12721
12732
12742
12766
