1602
1606
1607
1608
1610
1613
1618
1619
1622
1623
1626
1627
1628
1631
1632
1633
1634
1635
1638
1640
1642
1643
1646
1647
1648
1649
1650
1653
1657
1661
1665
1666
1667
1668
1672
1673
1678
1679
1684
1686
1687
1688
1689
1690
1692
1693
1696
1702
1704
1705
1706
1707
1708
1709
1710
1713
1714
1716
1719
1720
1723
1726
1727
1728
1729
1730
1732
1735
1738
1739
1741
1743
1745
1746
1748
1752
1753
1754
1756
1759
1760
1762
1763
1765
1767
1768
1772
1773
1776
1780
1781
1783
1784
1788
1789
1790
1791
1792
1793
1795
1797
1798
1801
1803
1804
1806
1807
1811
1812
1814
1815
1816
1819
1821
1822
1823
1824
1827
1828
1829
1831
1835
1840
1841
1844
1845
1846
1848
1849
1850
1852
1853
1854
1855
1857
1858
1862
1865
1866
1869
1873
1876
1878
1883
1885
1887
1888
1889
1890
1893
1895
1896
1898
1900
1908
1909
1912
1916
1919
1920
1921
1923
1924
1926
1927
1930
1932
1939
1940
1941
1942
1943
1946
1947
1948
1950
1953
1954
1955
1957
1959
1960
1962
1964
1966
1968
1969
1970
1971
1973
1974
1981
1983
1985
1987
1988
1991
1992
1994
1997
2000
2001
2004
2006
2007
2008
2009
2010
2011
2013
2014
2018
2020
2021
2024
2025
2026
2027
2029
2031
2035
2036
2037
2038
2039
2041
2042
2043
2046
2048
2050
2051
2052
2053
2054
2057
2059
2061
2063
2064
2065
2066
2067
2075
2077
2078
2079
2082
2084
2086
2088
2091
2097
2098
2100
2102
2107
2111
2112
2113
2115
2118
2119
2121
2122
2125
2126
2127
2130
2132
2134
2136
2137
2138
2141
2146
2147
2148
2149
2151
2152
2154
2155
2156
2158
2159
2161
2165
2168
2169
2172
2173
2174
2175
2176
2178
2179
2180
2183
2186
2187
2188
2190
2191
2192
2197
2200
2201
2207
2208
2209
2210
2212
2215
2218
2219
2220
2221
2225
2227
2228
2233
2235
2236
2238
2239
2240
2242
2243
2244
2245
2246
2247
2252
2253
2255
2258
2260
2261
2262
2264
2267
2268
2271
2272
2274
2275
2276
2281
2283
2288
2290
2292
2293
2296
2299
2300
2302
2304
2309
2312
2315
2320
2321
2322
2323
2324
2325
2326
2327
2331
2332
2333
2334
2336
2338
2339
2341
2342
2345
2347
2348
2349
2350
2351
2355
2356
2357
2358
2359
2366
2368
2370
2375
2377
2378
2379
2380
2382
2386
2389
2390
2396
2397
2399
