1
3
4
7
12
19
23
32
34
38
44
45
57
60
64
66
74
82
88
89
93
96
104
106
108
116
118
125
128
135
139
141
149
154
157
168
175
184
185
189
191
197
199
201
202
203
208
209
210
212
218
219
227
231
241
245
246
256
261
271
272
273
275
277
279
282
288
294
304
307
310
311
312
318
320
321
322
329
331
333
336
339
341
342
343
348
349
354
355
357
359
360
372
373
379
388
389
390
394
399
400
408
414
415
416
424
426
430
431
465
470
474
475
478
482
493
505
508
509
515
516
527
547
556
558
568
573
576
578
582
585
588
590
608
609
610
613
623
625
626
628
629
631
649
652
653
658
666
669
670
681
682
687
689
697
709
710
714
717
738
739
741
744
746
752
759
766
773
775
776
788
792
796
798
818
822
823
830
831
832
833
834
837
843
847
849
851
864
867
871
879
881
882
887
889
894
895
897
901
902
906
908
915
925
929
932
934
945
948
952
957
963
964
970
971
972
976
987
988
994
998
999
1004
1009
1022
1023
1024
1031
1032
1035
1044
1045
1051
1052
1057
1060
1063
1064
1069
1072
1073
1082
1087
1089
1093
1097
1098
1100
1104
1110
1111
1113
1126
1127
1129
1130
1132
1133
1134
1136
1148
1152
1162
1166
1168
1178
1185
1192
1196
1200
1201
1206
1210
1221
1226
1228
1229
1230
1235
1236
1237
1245
1246
1254
1255
1256
1258
1273
1280
1282
1288
1293
1296
1297
1305
1309
1310
1316
1327
1329
1335
1339
1345
1348
1354
1357
1361
1364
1367
1372
1375
1378
1379
1387
1391
1397
1400
1408
1415
1416
1426
1430
1432
1433
1437
1442
1444
1449
1458
1475
1479
1483
1488
1491
1497
1499
1501
1505
1519
1523
1524
1526
1527
1533
1536
1538
1540
1547
1548
1549
1550
1551
1553
1558
1559
1568
1574
1577
1581
1583
1591
1597
1606
1622
1623
1626
1630
1634
1635
1643
1648
1651
1654
1660
1666
1668
1670
1672
1674
1682
1688
1690
1695
1707
1710
1718
1724
1733
1739
1742
1747
1752
1754
1756
1760
1765
1770
1773
1779
1788
1792
1797
1802
1806
1812
1815
1818
1822
1823
1827
1830
1831
1836
1841
1847
1848
1855
1857
1860
1863
1881
1885
1894
1901
1902
1904
1911
1914
1916
1918
1924
1929
1933
1935
1939
1940
1942
1949
1950
1958
1959
1963
1964
1965
1974
1975
1980
1989
1991
2003
2012
2016
2017
2020
2023
2028
2036
2042
2044
2046
2048
2049
2050
2057
2060
2065
2068
2075
2078
2081
2087
2089
2090
2094
2095
2098
2103
2108
2109
2112
2113
2116
2120
2143
2150
2153
2160
2165
2173
2178
2179
2189
2193
2201
2205
2206
2209
2211
2215
2216
2225
2228
2231
2232
2233
2234
2235
2238
2244
2247
2248
2249
2254
2255
2256
2264
2280
2282
2283
2284
2285
2286
2289
2292
2304
2309
2310
2318
2325
2326
2327
2335
2339
2343
2351
2362
2366
2377
2381
2386
2388
2389
2392
2394
2397
2400
2401
2404
2407
2408
2416
2418
2430
2438
2445
2455
2464
2475
2486
2487
2495
2498
2499
2500
2502
2505
2506
2511
2513
2515
2516
2524
2525
2530
2532
2537
2541
2544
2546
2547
2552
2557
2566
2568
2569
2572
2573
2579
2584
2587
2590
2592
2593
2596
2597
2599
2603
2604
2606
2615
2616
2622
2626
2631
2634
2635
2637
2643
2647
2665
2667
2670
2673
2674
2676
2683
2686
2687
2689
2690
2693
2695
2698
2703
2717
2722
2732
2734
2736
2737
2739
2747
2754
2758
2762
2766
2775
2777
2790
2793
2798
2801
2802
2803
2807
2813
2815
2816
2823
2831
2833
2840
2841
2843
2848
2859
2862
2864
2867
2869
2873
2885
2899
2911
2930
2932
2935
2938
2940
2945
2956
2959
2971
2978
2981
2985
2990
2996
2998
3005
3007
3008
3021
3024
3034
3038
3046
3049
3057
3061
3064
3075
3082
3084
3088
3104
3118
3122
3128
3132
3135
3142
3143
3157
3159
3169
3177
3178
3179
3180
3183
3192
3196
3197
3198
3200
3209
3213
3217
3220
3221
3225
3233
3234
3248
3249
3250
3259
3261
3268
3282
3284
3287
3290
3291
3292
3294
3300
3302
3310
3316
3324
3327
3332
3342
3347
3349
3353
3355
3360
3375
3377
3380
3385
3395
3399
3401
3402
3407
3408
3416
3421
3426
3428
3430
3438
3439
3441
3443
3446
3448
3462
3467
3475
3481
3488
3490
3497
3498
3513
3518
3519
3529
3536
3541
3544
3546
3549
3566
3573
3577
3584
3589
3590
3591
3594
3595
3601
3605
3607
3608
3616
3624
3628
3636
3637
3645
3649
3662
3663
3669
3676
3677
3680
3681
3685
3688
3689
3690
3708
3714
3715
3719
3726
3727
3731
3732
3734
3740
3744
3748
3750
3753
3757
3760
3770
3771
3772
3784
3786
3796
3802
3803
3807
3809
3811
3819
3822
3825
3829
3850
3866
3885
3895
3896
3909
3914
3918
3937
3939
3950
3958
3965
3982
3988
3993
4006
4014
4015
4021
4033
4045
4047
4058
4060
4061
4064
4077
4079
4080
4082
4089
4092
4096
4099
4100
4102
4103
4108
4111
4115
4124
4127
4128
4130
4141
4160
4161
4166
4167
4169
4171
4172
4179
4180
4181
4185
4193
4198
4218
4221
4223
4224
4231
4234
4237
4239
4240
4242
4244
4264
4265
4270
4271
4280
4286
4289
4293
4294
4299
4301
4308
4311
4317
4318
4319
4325
4327
4329
4334
4342
4347
4348
4352
4363
4366
4371
4376
4378
4382
4384
4385
4388
4390
4398
4400
4401
4413
4420
4426
4427
4431
4432
4436
4442
4447
4448
4458
4461
4463
4465
4471
4475
4478
4483
4499
4511
4512
4515
4516
4519
4523
4527
4529
4535
4547
4548
4552
4560
4573
4584
4585
4586
4590
4602
4606
4607
4608
4615
4616
4626
4644
4646
4648
4651
4652
4656
4657
4662
4663
4668
4669
4681
4684
4685
4686
4690
4691
4695
4699
4702
4705
4708
4712
4727
4736
4738
4742
4744
4752
4754
4757
4758
4759
4767
4768
4779
4781
4782
4784
4788
4794
4795
4796
4802
4803
4809
4810
4811
4815
4817
4826
4829
4833
4849
4854
4855
4869
4874
4877
4879
4882
4883
4889
4891
4893
4900
4902
4928
4932
4934
4936
4938
4939
4940
4955
4960
4964
4968
4972
4973
4980
4982
4991
4994
4995
4997
5010
5022
5023
5025
5027
5030
5035
5050
5053
5061
5063
5069
5073
5075
5076
5080
5082
5085
5086
5091
5093
5108
5123
5129
5132
5133
5138
5140
5143
5149
5151
5153
5154
5181
5190
5197
5202
5205
5211
5217
5230
5231
5235
5244
5245
5247
5248
5251
5254
5257
5267
5269
5272
5273
5275
5276
5278
5279
5284
5288
5291
5293
5295
5297
5298
5321
5329
5332
5341
5350
5365
5368
5370
5373
5386
5388
5393
5399
5403
5409
5414
5416
5433
5439
5450
5458
5459
5463
5466
5467
5472
5482
5483
5486
5490
5495
5501
5503
5506
5513
5514
5517
5519
5523
5530
5534
5538
5541
5546
5553
5554
5560
5561
5563
5572
5583
5589
5590
5591
5592
5594
5599
5606
5607
5608
5614
5616
5619
5622
5634
5639
5643
5654
5655
5656
5657
5663
5665
5667
5671
5684
5701
5702
5704
5707
5710
5714
5715
5716
5721
5722
5726
5727
5730
5756
5764
5765
5766
5768
5773
5776
5782
5785
5786
5789
5791
5792
5793
5795
5796
5808
5810
5812
5822
5840
5842
5854
5856
5858
5860
5861
5864
5869
5870
5871
5874
5882
5886
5888
5892
5896
5904
5905
5915
5917
5921
5923
5930
5942
5944
5945
5953
5955
5956
5957
5958
5969
5975
5976
5980
5981
5986
5988
6002
6008
6022
6027
6030
6035
6036
6038
6043
6050
6053
6058
6062
6066
6070
6074
6076
6082
6083
6092
6094
6103
6109
6111
6116
6119
6122
6123
6127
6128
6130
6131
6133
6136
6138
6143
6165
6173
6174
6175
6181
6184
6186
6187
6193
6197
6198
6199
6201
6216
6218
6224
6230
6249
6259
6260
6266
6268
6275
6276
6279
6283
6287
6290
6294
6295
6302
6307
6308
6313
6322
6324
6329
6330
6335
6341
6346
6353
6354
6360
6363
6371
6375
6385
6388
6393
6405
6407
6409
6412
6415
6416
6419
6420
6422
6427
6434
6435
6437
6438
6441
6444
6447
6449
6450
6457
6460
6462
6467
6475
6476
6478
6481
6482
6489
6498
6503
6514
6515
6521
6536
6537
6545
6547
6550
6567
6568
6570
6573
6587
6593
6595
6600
6608
6615
6622
6634
6636
6641
6646
6647
6651
6659
6664
6665
6670
6673
6679
6681
6685
6686
6687
6692
6702
6705
6710
6715
6717
6719
6725
6731
6736
6738
6739
6743
6747
6748
6749
6751
6752
6762
6766
6770
6771
6773
6778
6779
6783
6787
6793
6810
6811
6812
6818
6820
6822
6825
6829
6830
6831
6833
6837
6838
6839
6840
6845
6853
6857
6865
6880
6898
6904
6911
6917
6918
6922
6927
6933
6934
6935
6937
6938
6939
6943
6954
6957
6962
6974
6975
6978
6980
6985
6991
7000
7001
7007
7008
7013
7016
7018
7023
7031
7034
7035
7036
7050
7059
7064
7065
7067
7068
7077
7092
7095
7099
7100
7101
7104
7106
7121
7124
7129
7131
7136
7138
7142
7146
7148
7149
7155
7157
7161
7168
7169
7170
7172
7175
7176
7185
7187
7189
7190
7202
7205
7206
7209
7212
7218
7224
7229
7246
7247
7255
7256
7257
7261
7263
7275
7279
7280
7282
7285
7288
7290
7296
7301
7306
7307
7313
7314
7315
7316
7326
7341
7345
7364
7376
7378
7379
7381
7387
7389
7396
7401
7402
7409
7412
7413
7414
7422
7433
7435
7436
7437
7438
7447
7460
7464
7467
7468
7473
7478
7483
7485
7486
7492
7494
7496
7502
7529
7532
7534
7536
7537
7542
7548
7551
7575
7577
7580
7581
7582
7583
7585
7586
7594
7598
7603
7607
7609
7616
7621
7641
7649
7650
7654
7657
7658
7660
7669
7671
7679
7692
7705
7714
7728
7743
7744
7747
7749
7752
7754
7756
7757
7763
7764
7771
7774
7778
7783
7784
7791
7794
7800
7801
7803
7810
7811
7812
7813
7814
7824
7827
7830
7831
7834
7837
7839
7843
7856
7858
7862
7866
7868
7869
7871
7878
7883
7884
7887
7888
7890
7897
7898
7900
7901
7902
7905
7906
7908
7914
7915
7931
7935
7943
7944
7951
7954
7955
7956
7960
7964
7968
7971
7973
7980
7982
7990
7992
7993
7995
7998
8000
8001
8017
8018
8023
8025
8032
8034
8046
8047
8049
8058
8059
8064
8066
8070
8075
8084
8098
8099
8102
8106
8121
8128
8132
8135
8145
8150
8164
8167
8172
8173
8177
8180
8181
8182
8189
8191
8193
8195
8196
8198
8201
8206
8209
8219
8222
8231
8232
8235
8236
8243
8245
8251
8261
8265
8272
8274
8282
8291
8292
8298
8301
8302
8304
8309
8313
8315
8320
8322
8325
8331
8341
8343
8348
8349
8363
8365
8367
8373
8374
8378
8389
8390
8392
8399
8402
8409
8410
8412
8413
8418
8419
8422
8423
8431
8440
8446
8458
8463
8469
8475
8482
8483
8492
8497
8503
8505
8507
8509
8516
8518
8520
8524
8527
8528
8532
8536
8537
8539
8541
8542
8553
8555
8556
8559
8563
8565
8569
8572
8573
8574
8577
8579
8580
8588
8589
8595
8599
8600
8603
8607
8608
8617
8630
8633
8636
8653
8664
8667
8672
8682
8692
8694
8696
8698
8699
8700
8702
8709
8710
8714
8716
8719
8721
8723
8735
8737
8743
8744
8745
8748
8749
8756
8757
8758
8759
8760
8763
8767
8768
8771
8773
8783
8784
8785
8791
8797
8805
8809
8821
8822
8833
8836
8837
8839
8845
8852
8853
8862
8864
8872
8879
8880
8882
8885
8895
8901
8922
8927
8928
8935
8950
8951
8952
8957
8961
8965
8968
8977
8980
8983
8987
8992
8993
8999
9001
9003
9004
9008
9015
9019
9030
9041
9046
9056
9061
9064
9065
9068
9073
9097
9111
9112
9115
9118
9119
9122
9126
9128
9129
9135
9137
9141
9149
9152
9157
9158
9162
9163
9165
9174
9179
9182
9183
9189
9195
9196
9208
9213
9219
9221
9225
9227
9230
9234
9237
9240
9242
9245
9249
9252
9265
9275
9284
9291
9298
9300
9306
9312
9324
9333
9335
9336
9337
9338
9340
9341
9347
9349
9359
9361
9364
9367
9368
9372
9374
9381
9384
9386
9391
9393
9395
9396
9399
9402
9405
9412
9417
9419
9421
9422
9426
9428
9430
9433
9438
9442
9455
9456
9458
9460
9461
9470
9476
9479
9485
9486
9492
9499
9500
9502
9508
9513
9529
9530
9531
9534
9538
9544
9546
9560
9563
9569
9570
9575
9576
9577
9578
9585
9586
9587
9591
9592
9593
9594
9595
9601
9604
9606
9611
9615
9621
9622
9623
9624
9626
9632
9634
9635
9636
9644
9648
9650
9658
9661
9662
9663
9668
9669
9684
9685
9689
9692
9708
9709
9710
9713
9715
9720
9735
9736
9746
9750
9754
9760
9773
9777
9783
9791
9794
9796
9801
9812
9814
9817
9822
9836
9841
9851
9863
9869
9870
9871
9875
9877
9888
9891
9898
9902
9905
9907
9911
9913
9918
9926
9929
9933
9938
9941
9950
9954
9955
9959
9970
9973
9984
