6403
6404
6405
6407
6409
6414
6418
6420
6423
6425
6429
6430
6431
6432
6435
6436
6437
6439
6440
6444
6445
6446
6451
6452
6454
6456
6459
6464
6465
6466
6467
6469
6471
6472
6474
6476
6479
6480
6481
6483
6484
6488
6490
6494
6496
6501
6503
6505
6506
6507
6508
6509
6510
6511
6512
6513
6514
6516
6517
6518
6520
6522
6524
6526
6539
6542
6544
6545
6548
6549
6551
6552
6553
6554
6557
6559
6560
6562
6564
6566
6567
6568
6569
6570
6576
6581
6583
6586
6589
6591
6592
6593
6595
6596
6602
6604
6606
6607
6609
6615
6616
6620
6621
6623
6624
6625
6631
6632
6633
6635
6638
6640
6642
6644
6645
6649
6651
6655
6657
6658
6660
6662
6663
6664
6668
6671
6672
6673
6675
6676
6677
6678
6679
6682
6686
6687
6689
6692
6694
6695
6699
6705
6707
6708
6709
6711
6714
6718
6720
6722
6725
6728
6730
6733
6736
6738
6741
6743
6745
6749
6750
6751
6753
6757
6758
6759
6762
6763
6766
6767
6770
6775
6776
6777
6778
6781
6785
6786
6787
6790
6794
6797
6803
6804
6805
6806
6808
6812
6813
6814
6815
6816
6817
6818
6819
6821
6822
6824
6826
6834
6839
6841
6842
6844
6845
6847
6848
6849
6850
6854
6859
6863
6864
6865
6870
6871
6873
6875
6876
6877
6879
6880
6881
6884
6889
6890
6891
6892
6896
6897
6898
6899
6900
6902
6903
6904
6905
6906
6914
6917
6918
6922
6925
6928
6929
6933
6934
6937
6938
6941
6942
6943
6944
6952
6955
6956
6957
6959
6960
6962
6966
6968
6970
6972
6976
6979
6985
6988
6989
6993
6998
7001
7002
7003
7005
7012
7015
7016
7017
7018
7019
7022
7026
7028
7031
7032
7035
7036
7037
7039
7040
7044
7046
7047
7049
7050
7052
7056
7058
7059
7062
7063
7068
7070
7071
7073
7075
7076
7078
7080
7082
7083
7084
7085
7087
7092
7095
7098
7101
7107
7110
7114
7116
7118
7119
7121
7123
7127
7128
7129
7130
7134
7137
7140
7141
7142
7143
7144
7147
7149
7151
7155
7156
7158
7159
7160
7163
7165
7170
7171
7172
7175
7176
7181
7183
7185
7187
7188
7190
7192
7193
7194
7197
7202
7204
7206
7208
7209
7216
7217
7218
7220
7223
7230
7232
7236
7238
7239
7241
7243
7244
7247
7249
7252
7254
7256
7260
7262
7263
7265
7266
7268
7269
7272
7275
7276
7277
7279
7280
7286
7291
7293
7296
7298
7299
7304
7307
7308
7310
7313
7315
7316
7320
7322
7325
7326
7328
7329
7331
7333
7335
7336
7340
7341
7345
7346
7347
7353
7354
7357
7363
7364
7365
7366
7367
7369
7370
7373
7376
7378
7379
7383
7384
7385
7387
7389
7390
7395
7399
7401
7402
7404
7408
7409
7415
7416
7422
7424
7427
7431
7433
7435
7436
7445
7446
7447
7450
7458
7459
7460
7463
7464
7465
7468
7473
7476
7477
7479
7482
7484
7486
7492
7493
7495
7498
7500
7503
7509
7514
7515
7517
7518
7520
7521
7527
7529
7531
7535
7537
7539
7540
7545
7546
7549
7554
7556
7557
7559
7560
7566
7567
7569
7570
7572
7574
7576
7577
7578
7579
7580
7582
7585
7589
7592
7593
7600
7603
7604
7607
7609
7613
7615
7618
7624
7625
7630
7631
7632
7633
7636
7637
7640
7642
7644
7645
7647
7651
7652
7653
7654
7656
7657
7659
7667
7670
7672
7674
7675
7678
7679
7680
7681
7685
7688
7690
7691
7693
7697
7701
7708
7712
7713
7717
7718
7721
7723
7725
7727
7730
7731
7733
7734
7741
7742
7750
7753
7754
7755
7756
7757
7758
7760
7764
7766
7767
7768
7769
7773
7774
7776
7778
7779
7780
7781
7787
7790
7794
7795
7796
7797
7798
7799
7804
7810
7811
7813
7814
7816
7818
7822
7825
7826
7827
7830
7831
7832
7836
7838
7840
7841
7842
7849
7852
7857
7858
7859
7860
7861
7863
7865
7866
7872
7874
7876
7878
7880
7881
7883
7889
7890
7893
7894
7897
7900
7901
7903
7906
7907
7908
7911
7915
7916
7919
7925
7926
7931
7932
7938
7939
7940
7946
7947
7950
7952
7954
7955
7959
7962
7963
7967
7972
7974
7979
7980
7985
7986
7991
7993
7997
7999
