10002
10005
10020
10026
10027
10041
10042
10047
10054
10056
10062
10064
10070
10072
10081
10086
10089
10091
10092
10096
10104
10105
10112
10117
10118
10119
10122
10131
10133
10135
10143
10148
10155
10158
10159
10163
10167
10168
10173
10179
10186
10187
10195
10197
10204
10206
10207
10210
10211
10213
10219
10220
10221
10230
10234
10242
10243
10244
10252
10267
10268
10269
10273
10277
10278
10281
10289
10299
10300
10307
10310
10312
10313
10323
10324
10325
10328
10342
10351
10355
10359
10361
10362
10371
10375
10384
10385
10388
10390
10391
10392
10402
10406
10407
10409
10415
10418
10419
10422
10425
10433
10434
10436
10440
10444
10445
10448
10449
10450
10456
10468
10471
10474
10476
10479
10480
10481
10485
10489
10491
10492
10493
10496
10497
10498
10499
10509
10531
10532
10534
10537
10546
10549
10550
10580
10584
10589
10593
10597
10599
10600
10607
10612
10613
10616
10622
10625
10628
10630
10632
10644
10648
10650
10653
10656
10662
10673
10677
10699
10701
10711
10720
10726
10727
10737
10739
10741
10742
10745
10752
10753
10761
10766
10768
10777
10783
10787
10789
10791
10792
10799
10801
10802
10803
10804
10807
10810
10823
10825
10826
10830
10837
10838
10841
10856
10867
10868
10876
10877
10885
10888
10889
10896
10899
10906
10912
10913
10916
10918
10920
10921
10923
10925
10929
10936
10942
10945
10951
10954
10962
10969
10976
10983
10988
10991
10999
11001
11007
11008
11014
11015
11017
11023
11030
11039
11041
11056
11065
11078
11082
11083
11084
11090
11095
11096
11101
11104
11110
11112
11114
11116
11121
11124
11125
11126
11131
11133
11137
11144
11152
11157
11158
11161
11171
11175
11180
11201
11202
11203
11210
11215
11219
11224
11225
11231
11235
11242
11252
11262
11263
11265
11268
11274
11279
11289
11295
11296
11305
11316
11317
11319
11333
11340
11345
11349
11352
11356
11362
11367
11368
11369
11373
11374
11383
11387
11395
11396
11397
11399
11401
11402
11404
11406
11411
11430
11431
11438
11440
11446
11449
11455
11457
11463
11465
11466
11471
11472
11474
11479
11481
11485
11491
11493
11503
11505
11507
11511
11513
11516
11517
11518
11521
11529
11530
11532
11546
11550
11558
11567
11573
11578
11579
11584
11608
11616
11620
11633
11636
11641
11648
11649
11652
11653
11654
11656
11660
11661
11670
11673
11680
11688
11689
11690
11701
11702
11705
11718
11720
11723
11728
11730
11735
11736
11738
11751
11756
11766
11769
11770
11772
11775
11776
11785
11786
11788
11791
11800
11806
11815
11817
11823
11833
11834
11835
11836
11838
11841
11843
11849
11851
11852
11853
11854
11855
11871
11880
11885
11889
11890
11891
11894
11896
11897
11898
11905
11913
11914
11915
11922
11924
11939
11943
11945
11950
11959
11961
11966
11974
11975
11982
11983
11991
11993
11995
11999
12004
12009
12010
12011
12018
12021
12025
12027
12029
12032
12037
12040
12043
12044
12045
12048
12058
12059
12063
12064
12067
12071
12073
12082
12086
12088
12092
12095
12106
12107
12112
12118
12120
12127
12130
12132
12134
12137
12139
12144
12160
12167
12168
12182
12187
12203
12208
12217
12219
12222
12224
12238
12241
12248
12252
12253
12258
12263
12264
12265
12266
12281
12285
12286
12289
12300
12306
12314
12319
12325
12335
12345
12350
12354
12371
12374
12382
12390
12397
12399
12403
12406
12408
12413
12415
12418
12426
12428
12443
12453
12459
12461
12463
12476
12485
12493
12499
12508
12512
12514
12518
12519
12524
12526
12531
12534
12545
12551
12554
12559
12560
12567
12568
12570
12578
12582
12590
12591
12597
12600
12610
12618
12620
12621
12622
12628
12629
12631
12646
12652
12654
12655
12659
12669
12673
12686
12687
12696
12701
12703
12705
12716
12719
12721
12722
12729
12733
12735
12738
12739
12750
12751
12757
12758
12760
12766
12770
12771
12774
12777
12788
12789
12794
12796
12799
12800
12801
12804
12810
12813
12826
12829
12831
12835
12849
12857
12858
12870
12873
12878
12881
12882
12886
12893
12895
12896
12900
12912
12924
12926
12928
12929
12932
12937
12942
12950
12954
12961
12963
12966
12969
12974
12976
12982
12986
12991
12993
12995
13007
13013
13024
13025
13026
13031
13033
13043
13051
13053
13055
13056
13059
13062
13064
13065
13067
13075
13078
13083
13085
13088
13089
13093
13094
13099
13105
13106
13107
13108
13109
13120
13133
13138
13139
13141
13148
13150
13159
13171
13176
13182
13186
13187
13189
13192
13200
13203
13206
13212
13216
13219
13222
13233
13246
13247
13249
13251
13258
13261
13262
13264
13268
13271
13279
13284
13286
13295
13306
13312
13316
13318
13320
13323
13332
13337
13340
13349
13350
13353
13358
13359
13361
13366
13369
13375
13380
13384
13389
13406
13409
13414
13416
13419
13423
13429
13437
13444
13458
13461
13468
13474
13475
13484
13487
13488
13490
13493
13496
13497
13503
13509
13513
13514
13518
13519
13520
13525
13531
13535
13539
13540
13541
13542
13543
13544
13546
13549
13552
13553
13558
13563
13569
13570
13572
13583
13585
13591
13599
13605
13613
13616
13621
13622
13624
13626
13630
13631
13634
13650
13660
13662
13667
13668
13674
13676
13686
13694
13695
13697
13698
13700
13703
13708
13718
13728
13741
13744
13745
13749
13754
13756
13757
13760
13761
13762
13764
13775
13789
13794
13798
13800
13801
13802
13806
13808
13812
13819
13824
13826
13829
13834
13842
13844
13850
13852
13855
13857
13859
13860
13866
13867
13868
13871
13880
13881
13885
13886
13894
13900
13908
13911
13914
13915
13920
13923
13930
13935
13940
13941
13942
13945
13954
13955
13961
13963
13970
13971
13981
13991
13992
13993
13996
14003
14014
14016
14020
14025
14029
14030
14038
14055
14057
14059
14068
14073
14074
14079
14082
14087
14093
14100
14103
14127
14128
14130
14145
14157
14162
14164
14165
14166
14186
14188
14189
14190
14191
14195
14197
14198
14201
14203
14205
14206
14212
14213
14217
14218
14219
14228
14231
14232
14234
14242
14244
14246
14249
14250
14265
14269
14270
14278
14281
14282
14288
14289
14293
14294
14296
14297
14298
14304
14309
14316
14320
14322
14328
14329
14330
14341
14344
14350
14356
14362
14363
14367
14368
14371
14372
14373
14375
14379
14384
14389
14391
14392
14397
14401
14416
14426
14444
14447
14459
14466
14471
14474
14475
14479
14483
14484
14488
14499
14500
14501
14502
14504
14514
14515
14520
14534
14540
14547
14555
14567
14581
14590
14597
14598
14599
14612
14614
14619
14623
14624
14629
14649
14653
14660
14661
14666
14672
14678
14683
14688
14692
14707
14711
14713
14735
14739
14741
14752
14754
14762
14767
14769
14775
14778
14782
14785
14793
14799
14804
14805
14815
14817
14819
14820
14823
14833
14836
14837
14839
14846
14850
14856
14860
14865
14869
14870
14877
14879
14881
14883
14890
14898
14909
14919
14928
14931
14934
14935
14942
14943
14944
14956
14960
14963
14967
14970
14976
14986
14991
14996
15001
15009
15013
15018
15019
15024
15031
15035
15037
15038
15039
15051
15054
15058
15061
15066
15071
15083
15085
15097
15099
15108
15111
15113
15117
15120
15124
15129
15131
15141
15143
15147
15158
15161
15166
15171
15174
15175
15176
15183
15187
15189
15192
15193
15197
15199
15214
15221
15223
15234
15250
15256
15259
15267
15268
15270
15275
15278
15284
15287
15290
15293
15299
15301
15302
15305
15307
15315
15319
15320
15326
15334
15335
15341
15344
15346
15347
15350
15354
15355
15356
15358
15362
15363
15368
15373
15375
15378
15380
15382
15384
15389
15402
15409
15414
15422
15435
15441
15448
15455
15462
15467
15470
15474
15480
15487
15499
15504
15514
15515
15517
15520
15525
15527
15532
15535
15538
15540
15541
15544
15548
15562
15569
15574
15575
15587
15597
15604
15609
15615
15618
15623
15625
15626
15636
15644
15647
15648
15654
15658
15668
15676
15680
15684
15692
15698
15704
15716
15727
15736
15737
15738
15752
15753
15755
15762
15769
15773
15782
15786
15792
15795
15797
15798
15803
15808
15813
15823
15824
15838
15843
15848
15850
15852
15853
15863
15864
15868
15872
15874
15880
15886
15887
15899
15904
15911
15914
15917
15921
15925
15930
15934
15951
15958
15962
15968
15976
15979
15984
15985
15995
15996
15998
16006
16008
16011
16016
16018
16019
16023
16032
16035
16036
16040
16045
16054
16059
16062
16066
16076
16079
16084
16085
16086
16088
16094
16095
16106
16129
16130
16131
16136
16137
16142
16154
16163
16167
16168
16170
16171
16174
16176
16178
16182
16186
16189
16191
16199
16203
16217
16219
16228
16231
16238
16243
16253
16255
16263
16265
16267
16270
16271
16277
16278
16282
16288
16291
16294
16297
16303
16323
16324
16328
16332
16334
16337
16341
16342
16353
16356
16357
16360
16369
16380
16382
16391
16393
16398
16401
16410
16411
16412
16418
16422
16423
16427
16433
16435
16436
16450
16453
16455
16457
16468
16470
16474
16477
16497
16507
16517
16518
16520
16521
16522
16533
16539
16540
16541
16542
16544
16555
16562
16569
16575
16577
16579
16586
16587
16588
16589
16593
16607
16612
16616
16628
16629
16634
16636
16641
16656
16657
16658
16660
16663
16674
16677
16690
16701
16703
16704
16705
16706
16708
16710
16715
16721
16723
16724
16726
16732
16733
16741
16742
16744
16750
16751
16752
16753
16758
16762
16768
16771
16773
16774
16775
16779
16780
16784
16785
16787
16789
16791
16794
16795
16796
16809
16810
16811
16813
16814
16822
16823
16828
16830
16833
16835
16842
16843
16844
16847
16848
16855
16858
16861
16870
16872
16881
16883
16889
16892
16895
16900
16906
16917
16920
16927
16933
16935
16939
16943
16945
16947
16951
16952
16963
16977
16978
16980
16983
16987
16992
16996
17000
17013
17017
17031
17036
17037
17038
17048
17051
17060
17065
17068
17076
17077
17080
17082
17083
17087
17099
17112
17114
17119
17120
17121
17128
17130
17148
17150
17154
17160
17161
17168
17184
17186
17199
17201
17211
17219
17222
17223
17232
17237
17238
17248
17252
17253
17254
17255
17264
17278
17279
17285
17290
17301
17305
17306
17327
17336
17344
17349
17358
17361
17362
17365
17375
17378
17384
17389
17390
17397
17405
17406
17415
17416
17424
17426
17435
17439
17443
17444
17446
17447
17449
17451
17463
17464
17466
17467
17470
17475
17477
17479
17482
17483
17490
17496
17497
17500
17501
17512
17520
17522
17531
17532
17533
17538
17541
17546
17549
17555
17560
17564
17565
17568
17570
17572
17575
17580
17581
17582
17584
17589
17590
17592
17596
17608
17610
17612
17613
17614
17618
17620
17621
17622
17630
17633
17635
17642
17645
17648
17650
17654
17658
17662
17663
17664
17667
17671
17676
17681
17687
17689
17692
17694
17695
17708
17721
17723
17727
17733
17735
17740
17742
17743
17747
17749
17750
17758
17768
17769
17771
17773
17777
17788
17789
17790
17794
17797
17798
17800
17810
17811
17812
17813
17816
17822
17826
17834
17838
17839
17840
17849
17856
17859
17864
17866
17868
17869
17877
17880
17881
17885
17892
17899
17900
17901
17909
17916
17917
17918
17919
17932
17938
17940
17941
17947
17974
17976
17977
17988
17994
17997
18001
18013
18014
18017
18023
18025
18026
18040
18041
18047
18049
18053
18054
18055
18056
18063
18065
18068
18074
18088
18094
18095
18103
18104
18107
18109
18115
18116
18123
18124
18126
18128
18133
18135
18143
18144
18148
18152
18165
18167
18185
18190
18193
18201
18215
18218
18219
18223
18225
18226
18227
18236
18244
18248
18253
18254
18255
18264
18270
18274
18277
18280
18303
18305
18306
18313
18317
18320
18331
18335
18337
18342
18351
18361
18363
18369
18373
18380
18381
18382
18388
18398
18401
18409
18420
18421
18431
18434
18436
18441
18444
18446
18449
18453
18455
18457
18460
18465
18466
18474
18481
18482
18485
18488
18491
18492
18495
18508
18509
18511
18512
18524
18535
18545
18548
18557
18561
18562
18567
18569
18573
18577
18579
18586
18592
18597
18604
18612
18616
18623
18624
18627
18630
18633
18638
18644
18646
18648
18652
18657
18662
18674
18675
18680
18684
18685
18686
18687
18689
18697
18698
18700
18702
18706
18716
18720
18725
18726
18727
18728
18730
18731
18737
18738
18740
18743
18744
18746
18747
18749
18751
18752
18764
18766
18769
18775
18780
18784
18785
18787
18801
18804
18805
18814
18815
18816
18821
18822
18830
18832
18843
18852
18857
18866
18871
18873
18889
18894
18895
18896
18901
18909
18913
18916
18917
18922
18924
18927
18930
18931
18935
18937
18938
18939
18947
18950
18952
18954
18960
18964
18966
18971
18974
18980
18993
19000
19001
19002
19022
19024
19027
19028
19029
19055
19059
19060
19075
19076
19086
19090
19092
19105
19111
19118
19121
19129
19130
19133
19134
19145
19149
19152
19153
19160
19170
19178
19179
19183
19186
19187
19189
19190
19192
19193
19196
19203
19205
19207
19210
19221
19222
19223
19225
19231
19233
19237
19242
19244
19245
19247
19250
19267
19268
19272
19273
19278
19279
19282
19283
19288
19290
19292
19295
19298
19301
19303
19305
19316
19328
19330
19339
19342
19348
19356
19360
19364
19365
19367
19374
19380
19388
19391
19394
19404
19405
19406
19407
19409
19411
19412
19417
19426
19431
19432
19437
19439
19441
19442
19444
19450
19452
19458
19461
19465
19469
19485
19498
19499
19502
19504
19513
19516
19530
19532
19538
19543
19559
19562
19568
19583
19584
19585
19588
19594
19596
19608
19613
19616
19625
19627
19632
19633
19644
19657
19662
19663
19677
19687
19693
19694
19719
19721
19723
19724
19732
19738
19739
19741
19747
19756
19757
19758
19767
19780
19783
19784
19787
19791
19792
19795
19797
19801
19805
19812
19817
19819
19823
19828
19838
19839
19841
19842
19844
19845
19848
19849
19852
19855
19862
19864
19871
19885
19896
19897
19899
19905
19906
19909
19910
19912
19919
19922
19927
19928
19930
19934
19939
19947
19950
19953
19967
19970
19971
19975
19976
19982
19988
19999
