20003
20004
20005
20011
20015
20020
20029
20030
20032
20036
20041
20042
20047
20053
20054
20066
20071
20073
20074
20075
20076
20081
20083
20086
20096
20101
20127
20128
20132
20134
20142
20146
20147
20151
20152
20160
20168
20169
20177
20178
20181
20182
20185
20186
20198
20200
20204
20212
20213
20214
20215
20224
20230
20237
20238
20246
20247
20248
20256
20258
20262
20272
20275
20277
20283
20288
20291
20296
20298
20306
20317
20320
20323
20328
20333
20335
20347
20350
20358
20361
20364
20372
20378
20385
20391
20394
20398
20399
20402
20403
20405
20409
20410
20412
20414
20428
20431
20433
20436
20438
20440
20441
20445
20452
20458
20459
20464
20465
20466
20467
20474
20478
20480
20481
20486
20495
20497
20498
20500
20501
20502
20506
20508
20514
20523
20529
20530
20539
20545
20546
20547
20549
20558
20561
20565
20567
20575
20597
20598
20602
20603
20620
20626
20630
20631
20635
20637
20638
20643
20645
20648
20649
20651
20653
20661
20665
20672
20683
20684
20685
20688
20690
20696
20697
20702
20713
20714
20717
20727
20729
20734
20735
20736
20739
20740
20741
20743
20746
20749
20751
20752
20753
20754
20756
20762
20769
20771
20799
20803
20804
20816
20817
20821
20822
20824
20832
20853
20857
20860
20869
20870
20873
20884
20885
20886
20889
20898
20899
20900
20903
20908
20913
20917
20918
20919
20920
20923
20924
20926
20928
20930
20938
20945
20946
20947
20952
20956
20966
20967
20973
20974
20976
20977
20984
20985
20992
20994
20998
21008
21013
21017
21021
21031
21038
21041
21046
21049
21052
21054
21055
21057
21062
21065
21067
21068
21073
21076
21077
21082
21083
21084
21088
21101
21103
21120
21127
21136
21139
21142
21143
21148
21152
21154
21160
21161
21167
21173
21180
21181
21185
21189
21195
21202
21203
21204
21205
21210
21212
21213
21218
21223
21225
21233
21243
21244
21254
21260
21261
21270
21281
21287
21290
21292
21298
21302
21315
21316
21318
21321
21323
21326
21327
21328
21329
21343
21346
21352
21355
21359
21360
21362
21363
21369
21373
21379
21382
21387
21392
21396
21399
21404
21408
21414
21423
21430
21431
21435
21438
21446
21447
21454
21455
21457
21458
21467
21469
21470
21474
21487
21495
21499
21503
21510
21514
21516
21528
21529
21536
21540
21541
21543
21550
21551
21554
21567
21582
21585
21595
21597
21598
21600
21608
21610
21611
21615
21622
21627
21629
21631
21640
21646
21656
21660
21664
21668
21669
21670
21673
21682
21683
21689
21695
21700
21701
21702
21704
21705
21707
21708
21719
21722
21723
21736
21742
21746
21749
21750
21751
21753
21758
21759
21765
21767
21768
21784
21794
21800
21823
21828
21839
21844
21847
21850
21851
21855
21857
21866
21891
21892
21893
21900
21903
21914
21916
21919
21920
21926
21927
21932
21933
21935
21939
21951
21958
21963
21964
21968
21976
21978
21980
21982
21988
22009
22014
22019
22021
22027
22030
22032
22037
22038
22039
22043
22044
22051
22056
22057
22071
22080
22088
22091
22093
22096
22097
22100
22109
22110
22111
22117
22129
22132
22135
22136
22139
22140
22147
22151
22152
22156
22157
22158
22161
22163
22165
22166
22175
22177
22189
22190
22196
22213
22215
22218
22224
22234
22235
22238
22239
22250
22253
22255
22261
22262
22263
22269
22275
22286
22287
22293
22300
22303
22306
22317
22318
22319
22324
22325
22328
22334
22339
22345
22348
22356
22361
22364
22374
22378
22383
22384
22390
22391
22395
22399
22402
22404
22405
22407
22411
22413
22417
22434
22444
22446
22451
22453
22454
22460
22469
22475
22480
22481
22494
22504
22518
22522
22524
22527
22529
22530
22540
22545
22549
22564
22565
22568
22569
22571
22572
22573
22577
22579
22582
22583
22584
22587
22591
22593
22602
22603
22607
22610
22613
22614
22616
22618
22621
22626
22628
22640
22649
22657
22659
22669
22670
22678
22682
22702
22703
22711
22719
22723
22724
22725
22734
22758
22759
22768
22769
22781
22786
22789
22796
22797
22800
22803
22806
22808
22812
22815
22828
22834
22843
22845
22849
22859
22860
22863
22866
22876
22878
22879
22881
22886
22887
22902
22903
22904
22909
22911
22915
22917
22918
22925
22926
22943
22947
22951
22954
22958
22960
22972
22973
22983
22985
22986
22988
22991
22997
22998
23003
23007
23014
23016
23019
23026
23030
23035
23036
23037
23038
23039
23045
23048
23053
23061
23071
23077
23078
23081
23085
23087
23095
23104
23128
23129
23138
23144
23149
23153
23157
23158
23162
23164
23174
23177
23180
23188
23190
23195
23210
23220
23227
23229
23230
23234
23245
23256
23265
23267
23269
23278
23280
23283
23299
23301
23302
23313
23314
23327
23333
23335
23336
23350
23354
23357
23366
23374
23375
23382
23385
23388
23389
23390
23398
23399
23403
23404
23406
23410
23416
23417
23424
23432
23437
23444
23451
23459
23460
23462
23466
23468
23469
23470
23471
23473
23476
23483
23484
23489
23491
23501
23502
23505
23506
23507
23513
23514
23521
23528
23531
23539
23540
23541
23558
23569
23572
23577
23579
23581
23600
23602
23626
23631
23634
23641
23657
23662
23663
23664
23665
23666
23681
23685
23686
23689
23694
23711
23712
23717
23721
23730
23733
23736
23737
23742
23745
23755
23762
23765
23768
23769
23775
23779
23780
23781
23807
23810
23813
23815
23818
23823
23824
23825
23829
23830
23836
23838
23840
23841
23843
23846
23848
23854
23856
23857
23862
23868
23873
23875
23879
23880
23885
23889
23896
23898
23900
23901
23908
23915
23924
23940
23950
23951
23954
23958
23960
23964
23971
23972
23973
23985
23986
23989
24004
24007
24009
24011
24012
24020
24022
24029
24036
24037
24051
24054
24060
24062
24065
24066
24082
24083
24090
24093
24098
24106
24119
24122
24131
24133
24134
24137
24139
24150
24153
24154
24156
24167
24169
24171
24177
24180
24183
24184
24188
24201
24205
24206
24214
24215
24224
24226
24237
24241
24254
24259
24262
24274
24279
24280
24284
24289
24290
24294
24297
24305
24306
24310
24312
24318
24320
24338
24343
24355
24363
24364
24371
24373
24374
24387
24394
24395
24397
24405
24416
24418
24422
24424
24434
24448
24449
24451
24455
24464
24466
24469
24471
24484
24489
24496
24500
24505
24514
24523
24525
24528
24534
24537
24552
24553
24571
24580
24582
24583
24587
24588
24596
24600
24615
24616
24623
24625
24626
24633
24643
24645
24646
24647
24648
24655
24657
24666
24667
24668
24679
24680
24685
24689
24696
24703
24705
24715
24719
24722
24757
24768
24769
24770
24771
24773
24774
24779
24783
24784
24788
24789
24792
24796
24802
24805
24811
24819
24820
24840
24846
24852
24858
24862
24871
24882
24891
24898
24902
24906
24909
24911
24915
24919
24921
24924
24927
24931
24932
24936
24941
24964
24966
24967
24971
24974
24977
24981
24992
25004
25013
25017
25020
25023
25033
25043
25053
25059
25066
25071
25072
25073
25083
25087
25094
25096
25111
25113
25119
25136
25139
25140
25150
25152
25164
25165
25167
25170
25174
25176
25181
25185
25188
25194
25196
25202
25203
25205
25213
25215
25218
25219
25227
25230
25231
25237
25244
25248
25249
25256
25264
25265
25268
25274
25276
25282
25287
25288
25289
25290
25291
25294
25297
25302
25306
25308
25310
25312
25313
25317
25318
25323
25339
25343
25346
25361
25374
25375
25378
25389
25391
25394
25395
25404
25408
25415
25416
25419
25420
25421
25424
25427
25428
25434
25441
25442
25451
25454
25455
25456
25461
25469
25478
25482
25483
25485
25491
25492
25493
25494
25502
25504
25508
25510
25511
25514
25515
25518
25520
25525
25533
25534
25535
25539
25542
25545
25548
25559
25570
25571
25572
25585
25596
25597
25598
25601
25602
25609
25615
25623
25625
25627
25629
25630
25635
25636
25637
25645
25647
25648
25651
25654
25661
25670
25671
25672
25677
25678
25681
25691
25700
25705
25708
25712
25715
25722
25725
25727
25730
25734
25735
25736
25756
25763
25771
25784
25786
25791
25797
25802
25805
25807
25809
25816
25817
25819
25820
25823
25830
25835
25836
25838
25851
25859
25873
25875
25881
25888
25889
25892
25896
25897
25899
25904
25905
25910
25911
25916
25918
25922
25923
25939
25941
25943
25945
25950
25952
25955
25959
25962
25967
25968
25972
25976
25978
25979
25995
26013
26015
26016
26022
26030
26049
26054
26063
26067
26076
26080
26081
26085
26088
26090
26102
26108
26115
26116
26117
26118
26124
26125
26128
26135
26141
26150
26157
26164
26169
26175
26179
26185
26186
26196
26198
26203
26207
26210
26215
26217
26227
26238
26240
26251
26260
26261
26264
26266
26268
26269
26272
26274
26286
26291
26294
26295
26298
26302
26303
26306
26310
26316
26317
26324
26327
26334
26340
26342
26344
26349
26351
26354
26358
26359
26361
26366
26371
26373
26398
26402
26408
26412
26416
26427
26434
26435
26437
26438
26439
26441
26442
26452
26455
26460
26465
26470
26484
26485
26487
26488
26489
26491
26494
26495
26497
26498
26500
26501
26507
26509
26514
26520
26524
26526
26535
26538
26542
26546
26548
26550
26553
26554
26557
26568
26570
26577
26580
26584
26596
26603
26604
26605
26606
26608
26610
26611
26615
26620
26622
26626
26630
26633
26645
26661
26663
26665
26666
26679
26680
26682
26691
26696
26699
26700
26710
26712
26714
26717
26718
26721
26722
26750
26758
26762
26765
26781
26793
26801
26812
26819
26825
26829
26832
26840
26846
26849
26853
26866
26868
26869
26873
26878
26879
26882
26891
26893
26894
26895
26896
26897
26898
26902
26906
26910
26913
26933
26939
26943
26944
26949
26955
26958
26963
26966
26968
26969
26974
26976
26980
26984
26987
26989
26994
26998
26999
27001
27005
27011
27012
27013
27020
27024
27025
27041
27063
27065
27068
27072
27073
27075
27076
27080
27081
27085
27089
27101
27105
27106
27109
27120
27121
27123
27129
27130
27145
27150
27152
27155
27164
27165
27168
27170
27180
27185
27194
27199
27200
27205
27208
27216
27217
27219
27225
27233
27243
27262
27264
27266
27280
27281
27282
27284
27287
27295
27298
27301
27307
27308
27314
27322
27326
27347
27352
27353
27355
27356
27361
27365
27367
27375
27384
27389
27403
27407
27410
27423
27426
27431
27433
27441
27444
27445
27451
27452
27455
27459
27461
27465
27475
27481
27485
27489
27496
27497
27500
27507
27510
27511
27516
27520
27531
27534
27540
27545
27548
27552
27555
27557
27558
27559
27563
27565
27568
27573
27575
27576
27580
27582
27587
27589
27591
27599
27603
27609
27610
27613
27618
27621
27622
27626
27628
27634
27639
27642
27643
27645
27649
27653
27656
27671
27673
27676
27684
27688
27694
27695
27707
27712
27715
27717
27718
27723
27727
27733
27736
27739
27743
27750
27751
27752
27753
27759
27762
27771
27772
27777
27782
27784
27796
27799
27802
27806
27808
27814
27815
27834
27836
27838
27839
27845
27863
27864
27870
27871
27874
27876
27877
27880
27888
27905
27908
27917
27919
27936
27939
27950
27952
27954
27967
27969
27970
27975
27976
27977
27979
27980
27983
27984
27987
27990
27992
27993
28008
28011
28015
28023
28024
28026
28027
28029
28035
28036
28038
28039
28043
28044
28057
28058
28065
28068
28069
28070
28074
28080
28101
28102
28112
28113
28123
28134
28137
28141
28142
28145
28153
28157
28164
28169
28178
28182
28185
28189
28201
28212
28217
28226
28229
28230
28233
28234
28240
28245
28250
28254
28259
28260
28265
28266
28271
28275
28276
28285
28292
28293
28296
28304
28306
28309
28311
28313
28314
28323
28325
28330
28335
28340
28347
28348
28351
28361
28365
28370
28374
28378
28380
28381
28383
28384
28386
28400
28406
28412
28413
28421
28426
28430
28432
28434
28441
28442
28450
28453
28460
28470
28474
28488
28490
28492
28501
28505
28509
28510
28512
28516
28517
28522
28527
28541
28544
28550
28553
28559
28560
28564
28567
28570
28577
28581
28583
28586
28609
28612
28617
28618
28622
28624
28631
28632
28633
28635
28651
28656
28658
28660
28665
28666
28668
28679
28685
28702
28706
28711
28714
28716
28722
28728
28732
28735
28737
28747
28758
28759
28770
28779
28785
28788
28791
28794
28802
28808
28809
28813
28822
28825
28826
28832
28833
28835
28837
28840
28844
28845
28848
28850
28854
28857
28865
28866
28868
28880
28882
28886
28897
28903
28904
28916
28917
28926
28936
28938
28939
28953
28981
28993
29000
29006
29010
29011
29016
29023
29026
29027
29039
29056
29061
29064
29077
29079
29084
29093
29097
29098
29104
29111
29112
29126
29128
29130
29134
29137
29142
29146
29148
29149
29178
29179
29190
29199
29207
29211
29218
29219
29226
29231
29235
29238
29250
29254
29255
29260
29266
29267
29275
29283
29284
29288
29292
29297
29299
29302
29304
29305
29312
29313
29315
29316
29333
29337
29338
29347
29350
29351
29360
29362
29363
29366
29367
29370
29376
29379
29405
29406
29409
29413
29415
29421
29429
29430
29435
29442
29445
29447
29453
29455
29457
29465
29468
29470
29473
29474
29477
29478
29480
29483
29492
29493
29497
29507
29510
29517
29525
29528
29529
29548
29549
29551
29561
29570
29571
29579
29588
29589
29594
29601
29602
29603
29606
29608
29611
29612
29633
29641
29645
29646
29647
29651
29660
29664
29672
29677
29681
29693
29694
29700
29703
29709
29712
29713
29717
29720
29725
29727
29735
29740
29747
29749
29750
29752
29757
29759
29761
29765
29767
29769
29775
29778
29787
29788
29790
29792
29794
29797
29803
29806
29813
29821
29835
29837
29839
29843
29847
29849
29850
29856
29864
29871
29876
29882
29892
29893
29894
29899
29907
29916
29918
29919
29921
29922
29923
29926
29930
29931
29935
29939
29941
29954
29957
29958
29962
29970
29995
