6403
6407
6413
6416
6422
6428
6432
6434
6445
6447
6448
6449
6451
6457
6460
6462
6465
6466
6467
6472
6477
6480
6483
6493
6500
6502
6505
6511
6514
6515
6520
6524
6525
6527
6529
6532
6533
6539
6542
6550
6551
6565
6566
6570
6573
6574
6577
6579
6586
6591
6593
6599
6600
6601
6606
6610
6615
6618
6620
6625
6630
6631
6632
6634
6636
6637
6638
6647
6648
6650
6651
6657
6658
6659
6661
6667
6668
6670
6672
6676
6679
6688
6692
6694
6696
6701
6702
6703
6706
6707
6713
6715
6729
6732
6737
6739
6741
6745
6746
6748
6750
6759
6760
6763
6765
6767
6774
6776
6783
6786
6788
6798
6799
6802
6806
6820
6825
6831
6836
6843
6846
6856
6857
6859
6862
6864
6869
6872
6873
6874
6880
6884
6890
6891
6896
6898
6900
6901
6903
6913
6915
6924
6926
6927
6939
6948
6949
6950
6955
6960
6961
6962
6965
6968
6971
6973
6975
6977
6982
6988
6991
7004
7008
7010
7019
7020
7024
7029
7034
7035
7036
7043
7045
7047
7051
7055
7057
7061
7062
7072
7079
7082
7083
7087
7095
7099
7106
7113
7126
7130
7138
7150
7153
7154
7159
7160
7162
7165
7174
7187
7188
7190
7191
7193
7198
7202
7203
7208
7209
7213
7219
7227
7228
7237
7238
7242
7245
7248
7251
7256
7259
7266
7269
7271
7273
7274
7275
7277
7278
7279
7281
7283
7284
7298
7302
7310
7312
7315
7319
7321
7323
7325
7328
7331
7337
7338
7340
7343
7346
7347
7348
7349
7353
7361
7366
7369
7371
7375
7379
7383
7386
7393
7405
7407
7410
7418
7424
7427
7429
7430
7431
7433
7436
7454
7457
7463
7464
7466
7474
7475
7476
7479
7485
7486
7494
7498
7499
7506
7508
7510
7511
7512
7515
7516
7518
7519
7521
7532
7534
7537
7539
7551
7552
7553
7554
7557
7559
7562
7563
7564
7566
7575
7577
7590
7592
7593
7594
7600
7607
7611
7620
7622
7625
7626
7631
7633
7638
7641
7648
7652
7656
7660
7661
7662
7667
7668
7672
7675
7679
7680
7682
7685
7689
7691
7694
7697
7704
7706
7707
7709
7711
7712
7721
7722
7724
7726
7727
7733
7737
7739
7744
7746
7748
7752
7753
7756
7766
7770
7771
7777
7781
7792
7796
7803
7804
7808
7819
7829
7834
7836
7837
7839
7843
7849
7852
7863
7868
7873
7875
7878
7879
7883
7891
7895
7898
7906
7909
7916
7920
7925
7929
7932
7933
7939
7941
7947
7948
7950
7955
7960
7962
7964
7977
7982
7984
7988
7993
7994
7996
7998
8000
8002
8007
8015
8019
8022
8023
8025
8036
8039
8049
8051
8055
8056
8057
8067
8069
8072
8079
8091
8095
8100
8103
8109
8111
8113
8114
8118
8120
8122
8123
8125
8126
8135
8136
8138
8144
8145
8146
8159
8162
8163
8164
8165
8167
8171
8185
8189
8190
8198
8202
8210
8212
8215
8216
8217
8218
8222
8227
8231
8245
8246
8249
8253
8263
8269
8271
8273
8275
8276
8279
8285
8286
8292
8298
8306
8307
8312
8316
8318
8331
8332
8334
8336
8339
8346
8348
8350
8353
8354
8357
8358
8363
8367
8369
8370
8382
8385
8386
8387
8392
8393
8404
8412
8415
8417
8420
8422
8429
8435
8437
8441
8450
8451
8455
8456
8457
8465
8466
8467
8469
8477
8485
8488
8496
8501
8503
8506
8508
8513
8517
8525
8526
8528
8530
8533
8541
8544
8548
8555
8558
8561
8562
8564
8570
8580
8593
8597
8598
8601
8605
8608
8610
8613
8614
8616
8617
8620
8622
8623
8624
8630
8632
8636
8637
8639
8640
8641
8642
8643
8645
8648
8649
8655
8657
8661
8668
8671
8673
8676
8680
8688
8689
8692
8693
8694
8696
8697
8700
8701
8703
8704
8720
8721
8725
8726
8730
8732
8741
8748
8749
8751
8756
8769
8779
8781
8784
8790
8792
8793
8797
8801
8808
8813
8816
8821
8822
8823
8827
8832
8833
8840
8851
8855
8857
8859
8861
8862
8866
8867
8868
8870
8877
8886
8890
8891
8894
8903
8904
8907
8908
8915
8916
8920
8926
8927
8934
8938
8942
8943
8944
8946
8951
8952
8954
8956
8958
8959
8960
8964
8965
8968
8976
8986
8990
8999
9003
9004
9007
9008
9011
9012
9019
9020
9028
9031
9033
9039
9040
9045
9051
9053
9062
9063
9064
9071
9076
9077
9078
9080
9081
9086
9087
9090
9097
9100
9103
9104
9115
9117
9118
9122
9124
9125
9126
9127
9129
9130
9131
9136
9140
9144
9147
9148
9153
9154
9159
9163
9166
9172
9174
9179
9180
9185
9186
9191
9196
9197
9198
9200
9203
9213
9224
9232
9233
9239
9240
9242
9247
9250
9251
9257
9265
9266
9267
9268
9271
9275
9276
9292
9298
9304
9311
9321
9329
9331
9333
9334
9335
9342
9346
9347
9351
9355
9356
9367
9370
9375
9376
9379
9382
9389
9391
9417
9421
9423
9425
9431
9442
9444
9445
9457
9461
9464
9467
9469
9470
9471
9474
9479
9482
9484
9489
9490
9501
9503
9504
9508
9510
9511
9516
9521
9528
9534
9540
9542
9544
9547
9552
9555
9557
9560
9564
9567
9570
9577
9578
9579
9586
9588
9593
9594
9596
9597
9599
9601
9602
9604
9612
9615
9626
9633
9635
9642
9643
9645
9656
9657
9659
9672
9673
9676
9682
9683
9684
9688
9691
9693
9695
9696
9698
9699
9700
9703
9705
9708
9711
9713
9720
9725
9733
9742
9745
9747
9758
9760
9769
9772
9776
9780
9782
9786
9790
9792
9793
9798
9803
9806
9808
9812
9814
9819
9823
9826
9829
9832
9836
9849
9857
9869
9870
9875
9876
9887
9905
9906
9907
9910
9911
9919
9920
9922
9925
9926
9930
9935
9936
9946
9951
9957
9960
9961
9964
9967
9976
9982
9986
9989
9991
9998
10005
10012
10016
10024
10026
10035
10043
10044
10055
10065
10066
10068
10069
10075
10081
10084
10087
10092
10098
10100
10106
10115
10123
10124
10130
10132
10135
10139
10141
10142
10143
10152
10153
10157
10159
10166
10173
10174
10179
10181
10183
10186
10187
10191
10206
10207
10208
10213
10222
10226
10234
10238
10240
10242
10246
10248
10249
10250
10259
10262
10263
10269
10271
10277
10287
10288
10290
10296
10304
10313
10316
10317
10318
10321
10333
10340
10341
10343
10345
10347
10348
10350
10353
10355
10371
10373
10374
10381
10384
10385
10394
10398
10402
10403
10404
10406
10407
10412
10415
10421
10425
10434
10444
10449
10450
10453
10458
10461
10470
10476
10481
10484
10485
10487
10494
10497
10503
10504
10516
10518
10521
10525
10526
10527
10528
10533
10537
10547
10550
10551
10552
10556
10557
10565
10570
10571
10572
10584
10587
10597
10599
10604
10611
10613
10615
10626
10631
10643
10644
10646
10654
10657
10658
10662
10663
10671
10672
10674
10676
10677
10681
10683
10684
10689
10690
10696
10703
10704
10705
10713
10715
10717
10718
10721
10725
10728
10729
10730
10734
10737
10738
10739
10743
10747
10748
10749
10753
10754
10755
10757
10759
10760
10770
10773
10780
10782
10785
10801
10806
10807
10812
10814
10815
10818
10819
10823
10834
10835
10836
10839
10842
10843
10844
10847
10849
10855
10856
10869
10870
10871
10874
10886
10892
10894
10895
10896
10898
10904
10914
10915
10919
10920
10925
10943
10945
10950
10954
10960
10961
10962
10969
10971
10978
10985
10988
10989
10993
10995
10998
10999
11007
11008
11009
11018
11025
11026
11029
11038
11040
11047
11053
11055
11061
11065
11069
11075
11077
11089
11092
11096
11099
11102
11104
11107
11108
11112
11123
11126
11127
11128
11130
11138
11139
11140
11143
11146
11149
11150
11151
11157
11158
11160
11181
11184
11186
11188
11190
11193
11196
11200
11201
11204
11205
11207
11209
11212
11213
11214
11215
11217
11218
11230
11232
11234
11237
11240
11249
11251
11252
11259
11260
11266
11268
11271
11273
11274
11276
11284
11288
11290
11291
11300
11309
11311
11314
11320
11322
11324
11326
11327
11330
11332
11343
11345
11357
11363
11364
11366
11369
11371
11373
11377
11385
11386
11390
11391
11395
11399
11407
11408
11409
11411
11413
11416
11421
11428
11432
11434
11444
11445
11451
11457
11464
11465
11469
11483
11489
11492
11501
11503
11504
11510
11511
11512
11514
11522
11527
11531
11532
11535
11536
11538
11541
11546
11547
11564
11571
11573
11577
11578
11579
11581
11586
11589
11591
11594
11597
11608
11610
11616
11620
11621
11624
11629
11632
11645
11648
11649
11653
11654
11658
11661
11663
11666
11667
11673
11682
11683
11684
11697
11700
11701
11705
11707
11709
11718
11719
11721
11728
11729
11730
11735
11745
11750
11751
11755
11757
11765
11768
11774
11780
11782
11783
11786
11788
11790
11794
11796
11798
11799
11802
11806
11807
11812
11817
11819
11820
11822
11823
11827
11828
11829
11830
11835
11836
11837
11838
11846
11847
11854
11859
11862
11867
11878
11880
11885
11889
11891
11893
11898
11899
11905
11906
11908
11909
11910
11912
11914
11917
11919
11925
11927
11928
11940
11941
11946
11948
11951
11952
11955
11958
11959
11960
11961
11964
11966
11974
11975
11976
11977
11979
11984
11987
11989
11990
11991
11993
12001
12004
12005
12007
12010
12013
12014
12023
12028
12030
12034
12035
12036
12039
12040
12062
12063
12071
12072
12076
12084
12087
12088
12090
12091
12092
12098
12099
12101
12111
12115
12118
12123
12125
12132
12134
12138
12143
12149
12150
12154
12165
12166
12168
12173
12175
12185
12186
12187
12199
12200
12211
12212
12226
12228
12233
12234
12237
12244
12245
12248
12249
12255
12263
12264
12266
12268
12270
12271
12273
12274
12281
12283
12289
12291
12294
12298
12305
12322
12325
12326
12331
12332
12334
12335
12338
12339
12343
12345
12347
12349
12357
12358
12365
12369
12373
12375
12379
12381
12383
12386
12389
12390
12391
12399
12402
12409
12410
12411
12412
12416
12423
12424
12426
12427
12430
12435
12441
12443
12446
12459
12470
12474
12477
12478
12481
12484
12486
12491
12493
12499
12517
12528
12530
12534
12535
12543
12545
12547
12548
12551
12553
12555
12558
12564
12576
12577
12578
12583
12586
12587
12594
12608
12610
12611
12614
12617
12618
12620
12625
12628
12638
12649
12652
12655
12658
12659
12665
12668
12670
12673
12681
12683
12684
12685
12686
12688
12689
12692
12694
12701
12703
12723
12724
12728
12729
12732
12735
12740
12741
12746
12751
12755
12759
12760
12762
12768
12773
12775
12776
12780
12785
12788
12795
12799
