2403
2407
2409
2410
2412
2413
2414
2415
2418
2419
2420
2422
2426
2430
2431
2432
2433
2438
2439
2440
2441
2444
2445
2446
2448
2450
2451
2452
2453
2454
2455
2456
2460
2461
2462
2463
2464
2465
2466
2467
2468
2469
2470
2473
2474
2475
2478
2481
2483
2488
2489
2491
2494
2496
2498
2500
2501
2504
2505
2507
2509
2514
2517
2518
2519
2522
2523
2524
2525
2526
2528
2529
2531
2533
2535
2537
2539
2540
2541
2542
2543
2544
2546
2547
2549
2550
2553
2554
2557
2558
2560
2562
2565
2570
2571
2575
2576
2578
2579
2581
2582
2585
2586
2587
2589
2592
2594
2595
2596
2601
2602
2604
2611
2612
2617
2618
2620
2623
2624
2625
2627
2628
2629
2630
2631
2635
2638
2639
2640
2641
2642
2643
2645
2646
2649
2652
2653
2654
2655
2662
2663
2670
2673
2676
2677
2678
2679
2680
2681
2683
2685
2686
2689
2693
2694
2697
2700
2702
2704
2706
2707
2713
2715
2716
2717
2718
2719
2724
2725
2728
2729
2730
2731
2732
2733
2734
2736
2742
2743
2745
2747
2751
2752
2753
2755
2756
2757
2760
2762
2763
2764
2765
2766
2767
2768
2770
2773
2774
2775
2776
2777
2782
2783
2785
2787
2788
2792
2793
2794
2795
2798
2801
2803
2804
2805
2806
2808
2810
2811
2815
2817
2819
2820
2821
2822
2826
2828
2831
2832
2833
2834
2835
2837
2838
2840
2842
2843
2844
2850
2851
2854
2855
2858
2861
2862
2863
2864
2865
2867
2868
2871
2873
2874
2875
2876
2877
2878
2879
2880
2881
2883
2885
2887
2889
2890
2891
2894
2896
2898
2903
2904
2905
2906
2907
2909
2911
2915
2917
2921
2922
2923
2926
2928
2929
2938
2940
2943
2950
2953
2959
2960
2963
2964
2966
2968
2970
2974
2975
2977
2978
2985
2987
2988
2992
2993
2994
2995
2997
2998
3002
3005
3008
3010
3011
3016
3017
3018
3019
3021
3022
3024
3026
3030
3031
3032
3033
3034
3036
3039
3042
3043
3044
3045
3048
3049
3051
3053
3055
3056
3057
3058
3060
3061
3065
3066
3067
3068
3069
3071
3072
3075
3077
3078
3079
3081
3085
3086
3087
3088
3089
3090
3094
3096
3097
3103
3106
3107
3108
3110
3116
3117
3118
3119
3120
3121
3123
3125
3131
3132
3139
3143
3144
3145
3147
3148
3152
3154
3155
3158
3160
3161
3164
3175
3176
3180
3181
3184
3188
3190
3192
3193
3196
3199
