1
2
3
4
5
6
9
17
18
22
23
25
31
33
36
43
52
53
60
68
74
78
81
87
111
116
117
118
122
124
129
130
132
137
146
153
157
167
168
169
170
171
174
181
188
190
193
198
199
203
204
206
207
208
210
211
215
216
218
219
221
225
228
229
236
237
238
245
249
251
256
258
260
261
282
284
285
286
288
291
292
293
296
302
303
308
311
315
324
329
342
344
348
352
354
358
359
362
364
377
378
383
387
389
399
401
402
403
410
411
412
420
426
429
433
440
443
446
462
467
476
478
479
490
497
507
511
512
516
519
525
527
528
543
546
547
548
551
555
558
559
561
563
568
572
588
593
597
600
601
604
605
608
614
615
621
624
627
631
642
643
645
646
653
654
658
659
663
665
668
673
681
682
686
687
688
689
690
691
694
695
702
703
704
705
707
708
709
715
718
726
737
745
746
749
759
762
767
769
770
771
775
776
777
786
787
788
797
804
809
810
823
824
826
834
839
843
846
848
852
857
861
863
867
868
870
874
881
882
884
887
893
899
900
901
903
904
906
908
909
911
922
934
939
944
946
956
960
961
963
965
967
968
969
970
972
977
978
979
981
984
985
995
998
1005
1011
1019
1021
1029
1031
1033
1037
1038
1043
1047
1049
1052
1054
1060
1061
1063
1064
1065
1075
1076
1086
1089
1092
1100
1101
1104
1108
1111
1113
1122
1127
1131
1139
1140
1143
1145
1149
1152
1155
1158
1160
1162
1170
1183
1184
1193
1199
1202
1211
1212
1213
1217
1219
1222
1226
1228
1229
1230
1233
1234
1236
1237
1238
1239
1242
1247
1250
1251
1255
1261
1262
1265
1274
1282
1286
1291
1292
1296
1305
1306
1307
1309
1310
1313
1315
1317
1319
1329
1334
1336
1337
1341
1342
1343
1346
1347
1351
1360
1367
1368
1375
1376
1382
1383
1391
1393
1397
1400
1401
1403
1404
1408
1411
1413
1419
1420
1421
1425
1430
1431
1434
1436
1437
1440
1445
1468
1471
1477
1481
1482
1484
1487
1488
1490
1491
1505
1506
1516
1520
1522
1526
1529
1531
1532
1533
1534
1536
1537
1541
1544
1550
1552
1558
1571
1577
1585
1595
1599
1600
1602
1606
1610
1612
1613
1618
1619
1622
1627
1630
1637
1643
1645
1646
1652
1655
1657
1658
1661
1665
1667
1669
1671
1676
1679
1682
1684
1686
1692
1706
1710
1712
1715
1716
1717
1719
1720
1723
1724
1727
1731
1744
1748
1751
1754
1759
1766
1767
1770
1778
1787
1788
1794
1795
1797
1798
1806
1812
1814
1817
1819
1821
1830
1831
1836
1838
1840
1844
1852
1858
1867
1868
1879
1880
1884
1887
1890
1899
1903
1906
1909
1914
1920
1926
1927
1934
1939
1941
1943
1947
1950
1952
1964
1966
1969
1985
1990
1993
1994
1995
1998
2000
2004
2005
2011
2013
2015
2017
2020
2026
2027
2034
2038
2039
2040
2041
2044
2045
2049
2054
2060
2063
2072
2073
2081
2082
2085
2095
2099
2101
2104
2107
2112
2119
2120
2121
2122
2125
2129
2133
2134
2141
2142
2144
2147
2151
2161
2167
2169
2174
2177
2180
2182
2188
2189
2190
2192
2193
2194
2197
2202
2209
2214
2216
2230
2233
2244
2245
2261
2266
2268
2274
2275
2276
2277
2281
2284
2287
2288
2289
2294
2295
2302
2303
2306
2315
2318
2323
2324
2327
2328
2333
2334
2336
2340
2343
2345
2350
2355
2359
2369
2370
2375
2378
2382
2384
2389
2392
2397
2398
2403
2404
2409
2414
2415
2416
2418
2421
2432
2434
2451
2455
2459
2461
2481
2483
2488
2492
2508
2516
2521
2526
2528
2537
2539
2547
2549
2555
2556
2560
2577
2578
2585
2586
2587
2595
2597
2602
2611
2612
2613
2614
2617
2622
2623
2625
2629
2631
2632
2636
2643
2644
2647
2652
2654
2660
2661
2667
2671
2685
2687
2689
2692
2694
2695
2699
2701
2702
2710
2711
2712
2715
2716
2721
2724
2727
2732
2733
2739
2743
2745
2746
2747
2750
2752
2755
2759
2763
2764
2766
2767
2772
2775
2778
2782
2784
2785
2787
2788
2791
2793
2796
2814
2818
2819
2824
2827
2828
2835
2837
2838
2840
2847
2850
2855
2876
2879
2881
2885
2890
2891
2901
2904
2912
2921
2923
2928
2929
2930
2934
2942
2944
2955
2965
2966
2967
2969
2972
2975
2979
2982
2983
2991
2994
2995
2998
2999
3006
3008
3015
3021
3025
3036
3037
3038
3039
3045
3046
3054
3057
3061
3066
3067
3071
3072
3075
3076
3077
3079
3081
3088
3093
3097
3118
3121
3124
3126
3127
3131
3133
3137
3139
3140
3151
3158
3160
3161
3162
3167
3175
3178
3181
3185
3190
3196
3197
3207
3209
3212
3215
3216
3220
3224
3231
3235
3240
3242
3243
3247
3249
3254
3256
3257
3261
3268
3270
3274
3275
3276
3278
3281
3282
3284
3285
3288
3290
3291
3301
3308
3316
3323
3325
3333
3343
3349
3351
3355
3362
3364
3368
3369
3372
3378
3380
3381
3382
3399
3403
3405
3411
3416
3425
3427
3429
3433
3444
3446
3448
3454
3457
3461
3462
3468
3470
3475
3480
3491
3493
3496
3497
3500
3501
3506
3509
3510
3511
3513
3518
3522
3523
3530
3532
3534
3543
3544
3550
3554
3555
3560
3561
3567
3572
3574
3577
3581
3582
3583
3587
3589
3592
3593
3594
3595
3606
3610
3615
3620
3622
3624
3625
3632
3642
3643
3644
3647
3648
3652
3656
3657
3660
3675
3677
3681
3682
3685
3688
3694
3696
3697
3699
3700
3709
3711
3712
3716
3717
3728
3729
3732
3743
3745
3746
3747
3751
3753
3757
3758
3762
3766
3778
3782
3784
3788
3789
3795
3797
3798
3805
3806
3808
3815
3819
3820
3823
3824
3825
3828
3834
3842
3844
3854
3860
3863
3867
3872
3875
3878
3882
3885
3891
3893
3899
3901
3905
3907
3908
3910
3911
3912
3914
3916
3918
3919
3921
3928
3938
3942
3945
3946
3951
3954
3966
3968
3973
3975
3977
3988
3992
3998
4000
4001
4002
4003
4012
4016
4017
4026
4027
4031
4036
4043
4049
4054
4055
4065
4068
4073
4075
4078
4086
4087
4089
4092
4093
4094
4095
4096
4097
4101
4105
4109
4110
4112
4116
4117
4121
4122
4123
4131
4132
4133
4135
4141
4144
4154
4155
4162
4164
4168
4173
4174
4177
4183
4189
4202
4207
4209
4218
4219
4225
4230
4234
4244
4248
4255
4257
4259
4260
4261
4269
4274
4279
4281
4282
4286
4287
4290
4293
4297
4298
4299
4300
4306
4311
4312
4314
4317
4321
4324
4329
4341
4342
4345
4347
4350
4351
4352
4354
4357
4358
4362
4369
4373
4380
4385
4400
4404
4407
4412
4413
4416
4419
4420
4421
4424
4425
4426
4428
4435
4436
4438
4441
4448
4449
4456
4461
4465
4466
4473
4479
4482
4483
4484
4485
4499
4503
4504
4506
4510
4511
4514
4519
4521
4526
4527
4528
4530
4532
4537
4539
4540
4545
4546
4549
4551
4553
4556
4560
4561
4563
4566
4567
4571
4573
4575
4576
4581
4582
4590
4594
4595
4601
4605
4606
4611
4617
4619
4620
4627
4628
4632
4633
4642
4643
4645
4648
4651
4653
4660
4667
4672
4673
4674
4675
4679
4680
4690
4703
4709
4711
4712
4714
4717
4721
4724
4725
4726
4735
4736
4741
4746
4747
4748
4749
4755
4764
4768
4769
4776
4780
4782
4783
4784
4787
4789
4798
4811
4813
4815
4816
4817
4818
4820
4831
4839
4840
4842
4844
4847
4848
4849
4850
4853
4862
4866
4869
4874
4878
4894
4896
4897
4900
4903
4906
4914
4921
4930
4932
4937
4956
4959
4960
4963
4965
4966
4974
4978
4979
4982
4984
4989
4990
4992
4997
4998
4999
5000
5005
5010
5012
5013
5015
5019
5031
5032
5035
5039
5040
5046
5052
5053
5054
5062
5063
5064
5067
5068
5071
5078
5081
5086
5091
5093
5094
5098
5100
5103
5109
5114
5115
5116
5117
5121
5133
5134
5135
5139
5141
5144
5147
5154
5156
5157
5159
5167
5174
5184
5189
5192
5208
5211
5213
5215
5225
5229
5232
5236
5239
5240
5246
5247
5248
5249
5250
5251
5252
5254
5257
5259
5266
5271
5273
5274
5275
5279
5281
5291
5293
5302
5307
5310
5311
5314
5315
5321
5322
5325
5327
5336
5340
5351
5352
5354
5360
5361
5363
5368
5369
5378
5379
5380
5385
5387
5389
5392
5398
5403
5417
5419
5427
5431
5432
5434
5436
5438
5440
5442
5448
5450
5453
5454
5458
5460
5462
5469
5471
5475
5476
5477
5479
5481
5482
5485
5491
5493
5496
5500
5507
5513
5514
5517
5531
5538
5540
5541
5543
5545
5552
5561
5563
5564
5565
5566
5571
5572
5573
5575
5579
5580
5586
5587
5590
5592
5594
5600
5601
5602
5604
5605
5609
5612
5613
5619
5622
5628
5642
5646
5648
5652
5655
5656
5663
5664
5669
5670
5672
5673
5675
5683
5687
5697
5698
5703
5704
5712
5719
5722
5725
5728
5730
5733
5736
5737
5742
5749
5750
5751
5754
5755
5759
5773
5778
5781
5789
5790
5792
5793
5795
5813
5816
5829
5831
5839
5840
5843
5848
5851
5855
5857
5860
5869
5871
5875
5877
5888
5891
5892
5894
5897
5898
5899
5901
5906
5909
5910
5912
5920
5921
5930
5934
5940
5943
5948
5958
5965
5966
5968
5969
5975
5983
5987
5989
5990
5994
5996
5998
5999
6002
6004
6007
6016
6021
6022
6024
6025
6027
6032
6043
6044
6045
6047
6049
6053
6057
6059
6061
6070
6071
6073
6078
6087
6089
6090
6091
6094
6096
6101
6110
6112
6115
6116
6119
6120
6121
6125
6126
6127
6136
6145
6149
6150
6151
6152
6154
6158
6159
6160
6165
6169
6176
6179
6180
6182
6185
6186
6191
6197
6198
6200
6202
6206
6214
6216
6219
6241
6249
6259
6271
6274
6278
6291
6308
6324
6326
6330
6332
6338
6341
6344
6348
6352
6355
6359
6361
6362
6363
6367
6370
6376
6378
6389
6391
