0
1
2
17
18
19
20
21
23
24
26
27
28
29
31
32
33
36
40
41
46
47
48
50
51
52
53
54
56
57
60
62
65
66
70
75
81
82
83
89
90
93
100
106
108
109
110
113
115
116
118
119
120
121
123
128
132
135
136
137
139
143
145
147
148
154
157
159
160
162
163
164
165
166
167
168
171
177
178
179
182
183
187
189
191
194
198
199
202
203
204
205
207
208
209
213
215
216
219
222
224
225
226
228
233
237
241
244
245
246
249
257
260
262
270
275
280
281
282
285
287
288
289
290
292
295
297
300
303
304
307
312
314
316
318
323
326
329
333
336
340
341
343
344
346
356
363
365
366
369
371
377
386
389
390
391
393
394
396
397
399
404
405
406
408
410
411
412
414
415
418
419
423
424
433
434
436
438
440
445
447
449
452
454
456
458
460
461
462
469
473
480
484
485
488
497
499
501
504
505
506
507
508
509
511
513
514
515
518
520
522
523
525
530
532
534
537
539
543
546
548
549
550
551
552
557
559
560
561
562
563
564
565
566
567
574
576
578
580
583
585
586
590
593
596
601
603
607
610
611
614
615
621
625
627
629
630
632
633
634
638
640
642
644
647
648
651
657
658
662
663
666
667
668
669
670
671
672
676
677
681
689
696
702
704
707
713
714
716
717
718
719
720
725
726
729
732
734
738
739
741
743
745
747
748
750
751
756
757
761
763
764
765
768
769
771
773
775
777
780
784
785
786
788
791
792
806
808
809
813
814
816
818
819
820
821
822
823
827
828
829
832
837
839
845
846
847
848
849
850
855
857
859
862
867
871
872
873
875
876
878
880
881
885
886
892
893
896
898
903
904
905
908
910
913
914
918
920
921
925
928
929
930
932
934
938
939
940
943
948
950
953
955
957
958
962
969
973
974
975
978
980
981
983
984
985
988
992
995
998
999
1000
1001
1004
1005
1006
1007
1010
1011
1013
1015
1019
1025
1032
1033
1034
1036
1037
1038
1042
1051
1055
1057
1059
1060
1062
1066
1074
1075
1078
1080
1082
1083
1103
1105
1107
1109
1110
1111
1113
1115
1116
1120
1121
1125
1126
1127
1129
1131
1132
1135
1136
1139
1142
1143
1147
1151
1165
1166
1167
1171
1173
1176
1178
1181
1183
1184
1188
1190
1194
1195
1196
1197
1199
1202
1203
1208
1209
1211
1215
1222
1223
1238
1239
1241
1243
1250
1251
1254
1255
1256
1257
1260
1262
1263
1264
1267
1269
1270
1271
1272
1273
1275
1279
1282
1291
1292
1293
1298
1299
1301
1302
1306
1307
1309
1314
1315
1318
1320
1323
1327
1328
1330
1331
1332
1333
1336
1338
1340
1344
1347
1350
1355
1356
1359
1361
1362
1363
1369
1371
1376
1377
1379
1380
1383
1384
1385
1386
1387
1388
1389
1391
1395
1397
1398
1399
1403
1406
1408
1415
1416
1418
1423
1424
1426
1428
1429
1432
1434
1439
1443
1444
1446
1448
1450
1451
1452
1453
1456
1459
1460
1464
1465
1466
1467
1468
1469
1470
1471
1479
1480
1481
1484
1487
1489
1490
1494
1495
1500
1501
1510
1511
1513
1514
1517
1518
1519
1524
1527
1528
1529
1532
1534
1535
1536
1539
1543
1548
1550
1563
1564
1568
1569
1570
1571
1573
1575
1576
1577
1578
1580
1583
1585
1588
1593
1596
1598
1599
1600
1601
1603
1604
1607
1614
1617
1621
1622
1623
1626
1628
1633
1634
1636
1638
1640
1641
1643
1645
1647
1649
1650
1651
1657
1661
1669
1677
1680
1681
1682
1683
1686
1688
1692
1697
1705
1706
1707
1708
1710
1712
1717
1718
1719
1721
1722
1726
1727
1730
1734
1735
1736
1737
1740
1747
1748
1753
1756
1758
1759
1761
1764
1770
1771
1772
1778
1779
1781
1782
1784
1786
1793
1794
1798
1799
1802
1806
1807
1808
1809
1811
1818
1819
1823
1824
1826
1831
1835
1837
1841
1842
1843
1844
1846
1847
1849
1851
1852
1853
1854
1855
1856
1858
1859
1863
1864
1865
1869
1870
1871
1872
1874
1875
1880
1882
1886
1888
1890
1891
1893
1894
1895
1898
1901
1904
1907
1909
1912
1913
1914
1915
1916
1919
1922
1924
1926
1930
1932
1934
1940
1944
1946
1948
1950
1956
1958
1961
1963
1968
1969
1973
1974
1980
1982
1983
1985
1986
1990
1992
1994
1996
1997
1998
1999
2002
2003
2006
2007
2010
2014
2016
2018
2022
2023
2024
2026
2036
2037
2038
2042
2043
2044
2046
2048
2051
2056
2057
2059
2060
2061
2068
2070
2071
2072
2073
2074
2075
2077
2078
2080
2086
2092
2093
2096
2110
2111
2112
2114
2115
2117
2119
2122
2123
2124
2126
2131
2132
2136
2138
2139
2140
2145
2146
2149
2150
2151
2156
2161
2166
2169
2170
2172
2175
2176
2177
2178
2180
2183
2184
2185
2187
2191
2193
2195
2198
2201
2204
2206
2207
2209
2211
2212
2214
2215
2218
2219
2224
2225
2229
2231
2233
2234
2236
2238
2240
2243
2244
2246
2247
2250
2251
2254
2255
2257
2258
2259
2260
2261
2268
2270
2275
2276
2281
2283
2284
2286
2291
2294
2295
2296
2297
2300
2302
2303
2304
2305
2306
2307
2313
2315
2317
2318
2319
2325
2327
2330
2331
2336
2340
2341
2344
2346
2347
2351
2352
2362
2365
2366
2368
2370
2371
2373
2374
2376
2379
2382
2385
2389
2390
2394
2395
2398
2399
2400
2402
2404
2406
2407
2408
2409
2410
2412
2414
2417
2421
2425
2430
2434
2435
2441
2442
2445
2448
2453
2455
2457
2460
2461
2467
2469
2471
2472
2474
2481
2483
2484
2490
2493
2499
2500
2501
2502
2506
2507
2513
2515
2516
2519
2521
2523
2525
2526
2531
2535
2540
2541
2554
2555
2556
2562
2563
2566
2567
2568
2572
2576
2578
2579
2585
2586
2587
2588
2589
2592
2595
2597
2599
2600
2603
2606
2608
2611
2613
2614
2616
2618
2619
2622
2628
2629
2631
2633
2634
2635
2636
2637
2638
2639
2641
2644
2645
2647
2650
2651
2657
2659
2662
2664
2670
2671
2674
2675
2676
2678
2680
2682
2683
2685
2687
2688
2691
2695
2705
2706
2708
2709
2713
2719
2720
2725
2726
2731
2733
2734
2737
2738
2743
2744
2745
2747
2750
2751
2753
2755
2756
2758
2763
2768
2770
2773
2776
2778
2779
2800
2801
2802
2809
2813
2814
2819
2821
2823
2824
2827
2828
2829
2830
2831
2836
2842
2843
2844
2846
2847
2848
2853
2854
2856
2857
2859
2860
2861
2862
2864
2865
2867
2872
2876
2881
2885
2886
2887
2888
2889
2890
2891
2892
2894
2895
2896
2898
2899
2902
2903
2904
2906
2909
2910
2912
2918
2921
2923
2925
2929
2930
2931
2935
2938
2940
2941
2944
2948
2951
2952
2954
2955
2960
2964
2965
2966
2967
2968
2970
2972
2974
2976
2979
2980
2984
2989
2992
2995
2998
3011
3013
3017
3019
3021
3024
3027
3028
3030
3032
3035
3036
3038
3043
3048
3050
3051
3053
3055
3056
3061
3064
3068
3069
3070
3071
3072
3075
3079
3083
3087
3090
3091
3093
3094
3095
3096
3099
3101
3102
3104
3105
3106
3107
3108
3110
3111
3112
3121
3122
3124
3126
3128
3131
3132
3136
3139
3141
3142
3144
3145
3146
3150
3151
3152
3153
3166
3168
3169
3174
3176
3177
3178
3180
3182
3187
3188
3191
3193
3200
3201
3202
3203
3205
3206
3207
3209
3210
3218
3221
3222
3223
3226
3227
3233
3236
3237
3241
3242
3244
3246
3247
3249
3252
3256
3258
3259
3260
3263
3264
3268
3273
3274
3275
3280
3281
3286
3290
3291
3292
3295
3298
3299
3303
3304
3305
3307
3308
3310
3311
3316
3321
3323
3325
3327
3329
3330
3332
3337
3339
3342
3343
3348
3350
3353
3354
3358
3360
3366
3369
3371
3374
3376
3377
3378
3379
3380
3381
3382
3388
3389
3390
3391
3392
3394
3399
3401
3404
3408
3410
3415
3420
3421
3422
3424
3425
3426
3427
3430
3434
3439
3443
3446
3448
3450
3452
3455
3459
3461
3462
3463
3465
3467
3475
3478
3479
3486
3492
3493
3496
3497
3502
3503
3507
3509
3510
3511
3513
3517
3518
3519
3520
3521
3523
3524
3528
3529
3530
3531
3532
3540
3544
3550
3552
3558
3561
3563
3568
3570
3571
3574
3575
3576
3578
3579
3587
3588
3589
3594
3595
3597
3605
3610
3611
3613
3614
3616
3621
3623
3624
3625
3626
3630
3638
3639
3641
3643
3644
3645
3646
3647
3648
3651
3654
3655
3659
3661
3663
3667
3668
3669
3673
3674
3677
3684
3686
3687
3689
3690
3697
3700
3704
3705
3710
3711
3712
3717
3718
3719
3720
3721
3722
3723
3724
3729
3731
3734
3736
3737
3739
3745
3747
3749
3750
3751
3754
3755
3756
3762
3763
3766
3769
3772
3773
3774
3775
3776
3778
3779
3782
3784
3785
3786
3789
3790
3791
3795
3799
3803
3805
3806
3810
3813
3821
3822
3823
3826
3827
3831
3833
3834
3837
3838
3839
3841
3843
3845
3850
3854
3855
3856
3859
3865
3866
3867
3869
3870
3871
3872
3877
3878
3886
3888
3889
3892
3898
3899
3904
3909
3914
3917
3918
3919
3921
3923
3924
3928
3932
3933
3943
3944
3946
3947
3948
3949
3951
3952
3957
3959
3960
3963
3964
3966
3967
3968
3971
3972
3974
3975
3977
3978
3982
3987
3993
3996
3998
3999
4001
4002
4003
4004
4012
4013
4015
4017
4019
4023
4024
4026
4028
4029
4032
4033
4035
4036
4038
4042
4043
4044
4045
4048
4049
4051
4057
4059
4060
4061
4065
4066
4067
4069
4070
4072
4073
4079
4085
4086
4088
4090
4091
4092
4093
4096
4097
4098
4099
4100
4101
4104
4105
4107
4108
4110
4112
4114
4116
4118
4119
4120
4121
4122
4123
4128
4130
4131
4134
4135
4136
4137
4138
4141
4142
4143
4147
4149
4151
4152
4156
4159
4160
4161
4162
4171
4175
4181
4183
4187
4190
4192
4194
4195
4197
4200
4204
4213
4214
4216
4217
4218
4219
4221
4222
4223
4226
4227
4229
4232
4234
4235
4238
4239
4240
4243
4247
4248
4250
4251
4252
4255
4263
4265
4268
4269
4271
4272
4273
4274
4276
4280
4287
4288
4291
4292
4293
4297
4298
4300
4301
4302
4304
4306
4311
4317
4322
4323
4325
4328
4329
4331
4332
4333
4337
4343
4346
4347
4349
4351
4354
4356
4358
4361
4362
4364
4365
4366
4367
4368
4372
4374
4377
4378
4384
4388
4389
4390
4393
4394
4396
4398
4402
4403
4407
4411
4412
4414
4415
4416
4421
4422
4424
4425
4428
4430
4431
4433
4434
4437
4440
4444
4446
4452
4453
4455
4456
4457
4458
4463
4467
4469
4470
4472
4474
4475
4478
4479
4481
4482
4488
4492
4493
4494
4500
4502
4503
4505
4507
4509
4511
4512
4514
4516
4518
4523
4524
4525
4529
4531
4535
4536
4537
4541
4549
4550
4551
4552
4554
4557
4558
4562
4565
4567
4568
4569
4572
4575
4576
4580
4581
4585
4586
4587
4590
4591
4593
4597
4599
4600
4601
4603
4604
4607
4610
4611
4614
4616
4618
4621
4622
4626
4627
4629
4631
4632
4639
4642
4649
4650
4652
4653
4655
4657
4660
4666
4667
4669
4670
4671
4674
4675
4684
4686
4687
4688
4689
4690
4691
4692
4694
4695
4696
4697
4698
4701
4707
4708
4712
4713
4714
4715
4717
4719
4722
4723
4724
4726
4728
4730
4732
4733
4737
4741
4744
4745
4747
4749
4751
4752
4753
4758
4760
4767
4768
4769
4770
4780
4784
4786
4790
4796
4799
4802
4805
4806
4809
4810
4811
4818
4820
4821
4825
4826
4831
4833
4834
4836
4839
4842
4844
4847
4851
4852
4854
4855
4857
4858
4859
4860
4861
4864
4867
4869
4873
4875
4878
4879
4880
4881
4885
4887
4894
4895
4897
4898
4900
4907
4909
4915
4917
4918
4922
4924
4925
4929
4930
4933
4934
4935
4936
4939
4947
4950
4951
4954
4956
4959
4964
4965
4966
4970
4973
4974
4976
4977
4980
4983
4987
4989
4990
4991
4992
4994
4995
4996
4998
5001
5002
5003
5004
5005
5007
5012
5014
5018
5019
5021
5024
5025
5027
5033
5035
5040
5041
5043
5044
5045
5046
5047
5048
5051
5055
5058
5060
5066
5067
5070
5072
5075
5077
5082
5084
5087
5088
5089
5093
5098
5099
5103
5104
5107
5108
5109
5110
5111
5116
5119
5122
5125
5127
5128
5131
5141
5142
5143
5145
5147
5148
5151
5153
5158
5159
5161
5166
5169
5170
5173
5176
5178
5180
5186
5187
5189
5194
5195
5198
5199
5208
5209
5210
5211
5212
5213
5215
5217
5220
5225
5227
5230
5232
5240
5241
5242
5243
5246
5249
5251
5252
5253
5254
5255
5258
5260
5263
5265
5267
5273
5274
5275
5278
5279
5280
5282
5283
5285
5288
5289
5292
5296
5301
5302
5308
5310
5311
5313
5315
5319
5320
5322
5323
5324
5328
5330
5331
5336
5337
5347
5348
5349
5352
5354
5356
5359
5360
5362
5365
5366
5368
5369
5371
5374
5375
5380
5384
5385
5388
5389
5390
5393
5396
5398
5399
5402
5406
5410
5411
5414
5415
5416
5417
5418
5422
5423
5424
5427
5428
5431
5432
5433
5441
5449
5453
5454
5455
5458
5459
5461
5462
5466
5468
5473
5477
5483
5484
5491
5493
5494
5496
5498
5499
5502
5506
5511
5515
5517
5520
5521
5526
5528
5529
5530
5531
5532
5535
5536
5539
5542
5543
5544
5545
5546
5549
5550
5551
5553
5555
5556
5561
5566
5567
5571
5572
5573
5574
5576
5578
5579
5580
5581
5582
5588
5592
5593
5596
5600
5602
5606
5612
5615
5616
5619
5621
5623
5626
5628
5630
5631
5633
5636
5639
5640
5641
5643
5644
5648
5649
5652
5653
5654
5655
5656
5657
5659
5660
5662
5664
5665
5666
5669
5670
5671
5672
5677
5679
5680
5683
5685
5689
5691
5697
5701
5703
5708
5709
5710
5711
5714
5715
5717
5718
5722
5723
5725
5727
5729
5730
5733
5734
5736
5737
5740
5742
5746
5747
5751
5753
5754
5755
5756
5758
5759
5760
5761
5763
5764
5766
5771
5773
5774
5775
5776
5778
5780
5781
5787
5792
5796
5797
5799
5800
5802
5803
5805
5808
5809
5811
5812
5820
5822
5825
5826
5828
5830
5831
5832
5836
5839
5843
5847
5852
5854
5855
5860
5861
5869
5871
5872
5873
5874
5876
5882
5884
5885
5888
5889
5890
5891
5892
5894
5895
5904
5906
5908
5910
5913
5914
5915
5920
5926
5929
5931
5934
5936
5941
5944
5947
5949
5950
5951
5954
5955
5958
5959
5960
5963
5965
5969
5971
5972
5973
5975
5977
5978
5979
5980
5983
5984
5992
5994
5996
5998
6004
6007
6008
6009
6012
6013
6017
6021
6024
6026
6030
6032
6034
6036
6037
6038
6041
6042
6045
6048
6049
6056
6059
6061
6062
6065
6069
6071
6076
6077
6080
6082
6083
6084
6088
6089
6090
6091
6093
6095
6096
6099
6101
6103
6104
6105
6106
6107
6108
6109
6113
6114
6116
6118
6120
6121
6123
6124
6125
6126
6130
6131
6141
6142
6146
6147
6149
6150
6154
6158
6159
6160
6161
6163
6165
6166
6167
6171
6174
6175
6176
6177
6179
6180
6181
6182
6184
6190
6191
6193
6196
6197
6198
6200
6202
6203
6211
6213
6214
6215
6216
6222
6223
6225
6229
6231
6233
6234
6238
6241
6242
6243
6244
6247
6248
6251
6252
6255
6261
6263
6264
6265
6266
6267
6272
6277
6279
6282
6289
6290
6292
6293
6295
6298
6299
6300
6303
6304
6305
6307
6308
6310
6313
6315
6320
6329
6330
6331
6334
6335
6336
6337
6344
6348
6349
6350
6353
6355
6356
6357
6358
6364
6366
6372
6373
6376
6377
6379
6380
6383
6387
6388
6389
6390
6392
6403
6404
6405
6407
6409
6414
6418
6420
6423
6425
6429
6430
6431
6432
6435
6436
6437
6439
6440
6444
6445
6446
6451
6452
6454
6456
6459
6464
6465
6466
6467
6469
6471
6472
6474
6476
6479
6480
6481
6483
6484
6488
6490
6494
6496
6501
6503
6505
6506
6507
6508
6509
6510
6511
6512
6513
6514
6516
6517
6518
6520
6522
6524
6526
6539
6542
6544
6545
6548
6549
6551
6552
6553
6554
6557
6559
6560
6562
6564
6566
6567
6568
6569
6570
6576
6581
6583
6586
6589
6591
6592
6593
6595
6596
6602
6604
6606
6607
6609
6615
6616
6620
6621
6623
6624
6625
6631
6632
6633
6635
6638
6640
6642
6644
6645
6649
6651
6655
6657
6658
6660
6662
6663
6664
6668
6671
6672
6673
6675
6676
6677
6678
6679
6682
6686
6687
6689
6692
6694
6695
6699
6705
6707
6708
6709
6711
6714
6718
6720
6722
6725
6728
6730
6733
6736
6738
6741
6743
6745
6749
6750
6751
6753
6757
6758
6759
6762
6763
6766
6767
6770
6775
6776
6777
6778
6781
6785
6786
6787
6790
6794
6797
6803
6804
6805
6806
6808
6812
6813
6814
6815
6816
6817
6818
6819
6821
6822
6824
6826
6834
6839
6841
6842
6844
6845
6847
6848
6849
6850
6854
6859
6863
6864
6865
6870
6871
6873
6875
6876
6877
6879
6880
6881
6884
6889
6890
6891
6892
6896
6897
6898
6899
6900
6902
6903
6904
6905
6906
6914
6917
6918
6922
6925
6928
6929
6933
6934
6937
6938
6941
6942
6943
6944
6952
6955
6956
6957
6959
6960
6962
6966
6968
6970
6972
6976
6979
6985
6988
6989
6993
6998
7001
7002
7003
7005
7012
7015
7016
7017
7018
7019
7022
7026
7028
7031
7032
7035
7036
7037
7039
7040
7044
7046
7047
7049
7050
7052
7056
7058
7059
7062
7063
7068
7070
7071
7073
7075
7076
7078
7080
7082
7083
7084
7085
7087
7092
7095
7098
7101
7107
7110
7114
7116
7118
7119
7121
7123
7127
7128
7129
7130
7134
7137
7140
7141
7142
7143
7144
7147
7149
7151
7155
7156
7158
7159
7160
7163
7165
7170
7171
7172
7175
7176
7181
7183
7185
7187
7188
7190
7192
7193
7194
7197
7202
7204
7206
7208
7209
7216
7217
7218
7220
7223
7230
7232
7236
7238
7239
7241
7243
7244
7247
7249
7252
7254
7256
7260
7262
7263
7265
7266
7268
7269
7272
7275
7276
7277
7279
7280
7286
7291
7293
7296
7298
7299
7304
7307
7308
7310
7313
7315
7316
7320
7322
7325
7326
7328
7329
7331
7333
7335
7336
7340
7341
7345
7346
7347
7353
7354
7357
7363
7364
7365
7366
7367
7369
7370
7373
7376
7378
7379
7383
7384
7385
7387
7389
7390
7395
7399
7401
7402
7404
7408
7409
7415
7416
7422
7424
7427
7431
7433
7435
7436
7445
7446
7447
7450
7458
7459
7460
7463
7464
7465
7468
7473
7476
7477
7479
7482
7484
7486
7492
7493
7495
7498
7500
7503
7509
7514
7515
7517
7518
7520
7521
7527
7529
7531
7535
7537
7539
7540
7545
7546
7549
7554
7556
7557
7559
7560
7566
7567
7569
7570
7572
7574
7576
7577
7578
7579
7580
7582
7585
7589
7592
7593
7600
7603
7604
7607
7609
7613
7615
7618
7624
7625
7630
7631
7632
7633
7636
7637
7640
7642
7644
7645
7647
7651
7652
7653
7654
7656
7657
7659
7667
7670
7672
7674
7675
7678
7679
7680
7681
7685
7688
7690
7691
7693
7697
7701
7708
7712
7713
7717
7718
7721
7723
7725
7727
7730
7731
7733
7734
7741
7742
7750
7753
7754
7755
7756
7757
7758
7760
7764
7766
7767
7768
7769
7773
7774
7776
7778
7779
7780
7781
7787
7790
7794
7795
7796
7797
7798
7799
7804
7810
7811
7813
7814
7816
7818
7822
7825
7826
7827
7830
7831
7832
7836
7838
7840
7841
7842
7849
7852
7857
7858
7859
7860
7861
7863
7865
7866
7872
7874
7876
7878
7880
7881
7883
7889
7890
7893
7894
7897
7900
7901
7903
7906
7907
7908
7911
7915
7916
7919
7925
7926
7931
7932
7938
7939
7940
7946
7947
7950
7952
7954
7955
7959
7962
7963
7967
7972
7974
7979
7980
7985
7986
7991
7993
7997
7999

